source	target
119	200
185	219
146	490
392	120
428	156
4	357
221	0
387	20
372	219
308	113
95	325
499	477
210	80
77	156
341	198
378	106
353	4
447	96
394	221
149	4
96	140
250	325
38	462
446	120
69	150
245	242
239	4
208	156
343	357
333	325
386	427
349	325
184	427
36	106
254	156
180	97
191	20
210	325
471	356
179	385
147	185
394	4
38	252
3	252
95	58
404	325
372	153
134	20
78	427
5	156
322	427
179	106
278	357
64	4
443	427
185	96
222	325
77	427
251	106
464	443
261	357
409	112
429	89
364	290
366	477
222	295
386	150
56	20
461	208
479	295
248	156
90	427
45	80
484	80
144	443
83	427
73	106
465	427
342	219
376	106
481	140
344	193
490	20
472	120
162	80
480	427
312	4
431	4
144	153
466	263
279	106
244	325
89	432
81	153
79	295
259	443
249	293
208	463
55	58
464	96
91	218
295	96
111	462
54	325
290	80
327	293
268	491
60	263
161	20
13	150
273	252
290	295
463	263
270	20
472	153
157	325
173	295
380	252
173	33
218	490
473	325
68	156
25	357
37	156
413	246
143	97
383	443
74	23
444	106
451	4
18	4
64	252
105	153
239	78
226	295
351	462
262	20
159	477
223	85
89	80
315	357
470	185
153	20
155	490
365	490
364	80
218	24
364	156
47	295
52	153
334	106
328	443
339	4
469	252
208	123
388	263
154	156
395	325
271	156
13	33
477	106
275	263
354	33
134	427
38	263
169	295
108	150
493	130
330	4
88	241
42	357
466	230
405	106
120	447
112	106
295	162
385	4
89	221
89	153
464	150
213	97
417	462
399	78
389	496
128	295
262	106
106	298
117	284
37	153
393	490
414	162
258	443
193	150
2	198
128	462
21	427
497	357
42	462
422	198
374	462
339	97
4	427
478	129
47	185
450	427
58	427
383	129
341	153
177	252
111	185
110	462
124	443
273	156
480	263
441	221
90	153
150	263
446	97
497	185
370	153
239	33
268	4
118	263
334	156
357	20
410	58
470	443
329	150
490	293
280	490
157	134
90	490
107	252
48	112
334	80
42	198
210	462
107	20
113	411
403	427
472	427
446	263
199	4
364	198
139	96
181	20
104	140
177	295
15	80
203	357
108	233
412	84
413	20
215	80
219	120
310	427
403	214
150	236
402	4
375	325
7	443
350	150
208	295
450	185
45	357
446	106
436	153
470	151
154	68
113	477
355	140
81	443
179	263
13	20
147	156
453	263
32	198
196	357
372	325
252	68
431	427
490	58
447	186
275	58
180	106
399	156
95	80
354	485
348	78
354	427
20	221
294	198
350	414
243	252
140	150
80	263
69	153
79	4
444	427
208	221
12	120
8	253
181	357
295	33
31	156
155	185
421	80
498	80
435	295
492	463
104	58
133	263
287	150
197	156
207	78
301	4
87	185
35	156
219	462
300	80
367	189
301	295
321	120
106	150
120	50
224	156
127	78
77	357
176	293
389	150
145	153
377	156
41	80
429	462
481	28
80	96
81	355
414	357
150	175
257	153
299	357
462	66
478	357
238	228
97	427
10	218
377	427
287	185
92	150
134	96
293	20
386	106
254	106
59	340
478	284
281	106
160	120
481	4
160	355
204	20
172	153
284	156
67	58
334	20
162	263
273	443
193	106
185	407
204	97
386	252
300	198
165	156
3	113
220	252
255	475
223	4
165	96
8	263
209	20
25	381
1	156
319	4
487	357
443	355
261	4
280	211
249	422
372	263
155	20
221	193
273	166
458	443
457	295
486	97
389	443
460	357
414	295
315	106
376	4
322	385
198	221
380	372
5	4
119	219
98	427
39	137
97	295
124	162
442	20
180	185
462	162
393	219
113	357
196	20
373	456
149	218
15	20
160	20
64	221
350	20
242	140
128	162
170	367
413	156
100	81
280	427
72	106
117	134
312	224
106	198
433	357
81	20
196	443
349	263
254	14
462	263
302	80
431	357
460	97
107	33
368	490
77	162
89	325
20	295
269	20
345	106
7	80
362	116
330	295
414	153
35	140
79	171
207	150
128	0
227	462
159	106
127	185
118	295
282	325
48	221
447	153
418	462
169	120
351	140
114	427
265	150
155	397
390	490
189	325
419	356
145	357
487	427
163	357
121	427
216	462
289	185
368	295
150	252
425	140
331	58
290	150
357	156
165	78
20	26
299	20
21	440
380	156
103	325
361	150
454	153
7	20
61	427
419	357
41	106
375	20
274	20
221	466
263	4
439	198
209	134
109	252
103	427
158	4
320	356
377	187
197	96
120	443
95	106
97	33
209	325
330	344
127	156
224	20
119	20
146	150
138	385
265	185
179	357
287	153
252	263
56	156
259	357
11	263
128	385
223	325
198	97
106	284
466	80
319	325
223	256
216	356
272	325
36	357
333	134
177	221
439	338
157	156
58	156
349	106
488	140
5	462
86	153
197	33
201	325
217	263
282	344
274	129
435	263
377	325
310	198
448	263
399	219
34	462
465	97
284	325
98	449
100	106
352	150
68	20
289	357
2	120
462	80
442	120
245	219
113	120
290	58
463	4
356	221
12	156
215	462
172	325
323	325
498	178
356	427
113	97
140	156
271	198
369	106
257	156
389	357
349	290
480	150
417	477
259	58
355	20
119	427
321	80
402	325
53	427
324	76
470	4
331	20
320	78
108	140
62	97
441	80
31	225
327	295
344	224
486	20
163	263
133	303
313	490
226	263
268	0
353	106
342	185
365	156
323	129
348	263
145	96
269	263
208	4
162	96
329	82
31	68
347	20
388	443
323	4
227	153
352	78
311	219
88	106
164	153
16	20
38	427
3	355
410	183
360	4
307	58
464	218
80	192
444	263
177	325
342	120
189	414
144	263
451	427
314	106
139	182
287	4
201	4
357	263
365	20
436	462
31	357
442	357
280	120
100	156
160	153
206	7
390	80
231	51
427	263
450	112
157	263
361	20
219	263
284	20
58	224
410	357
415	487
3	208
468	189
10	357
323	427
78	185
106	20
438	116
154	295
479	357
217	221
378	295
306	4
185	79
201	106
90	20
1	106
215	6
93	462
191	252
378	153
37	168
140	263
262	356
329	153
112	198
392	20
366	295
106	356
119	372
418	4
235	427
143	252
376	295
264	443
60	106
247	106
113	33
461	219
217	4
83	20
386	20
80	150
163	20
1	263
311	325
127	20
443	140
403	80
157	20
497	325
462	129
0	356
194	4
326	263
39	20
4	102
294	4
144	494
94	293
335	263
414	78
367	0
162	106
94	106
139	356
68	263
364	58
140	202
368	58
354	156
422	120
259	150
479	443
67	4
413	33
5	487
279	4
395	263
71	355
53	19
115	490
310	106
490	477
237	33
349	252
223	20
238	295
325	120
457	277
439	49
201	372
247	20
408	427
337	129
17	153
206	221
457	462
281	252
361	263
269	356
335	156
125	325
415	263
69	462
455	242
245	4
242	198
116	156
322	20
293	110
109	101
263	156
125	263
361	462
63	293
133	380
263	356
487	325
396	219
110	252
37	330
441	185
103	293
447	288
13	252
463	219
462	423
352	106
365	325
0	263
300	443
0	156
197	219
132	162
324	156
69	252
35	372
282	20
453	218
5	20
477	357
261	40
373	4
380	427
17	430
385	357
112	427
342	357
251	20
336	185
452	153
220	295
209	80
189	80
420	427
427	156
335	120
360	120
74	106
314	134
329	20
316	156
172	156
129	232
438	295
16	140
78	198
100	286
56	427
376	58
375	263
1	120
97	443
204	476
240	317
366	156
477	112
355	4
390	252
215	106
380	295
273	4
312	20
479	106
374	156
341	422
367	443
464	427
321	490
242	263
393	268
230	80
375	80
143	153
10	141
421	112
3	263
218	221
231	295
481	477
155	357
237	80
77	295
274	295
31	344
205	4
154	106
111	156
372	242
201	477
310	169
184	263
217	305
93	477
353	325
176	477
217	462
237	295
96	120
45	153
417	4
247	487
164	263
464	293
193	356
56	357
384	474
461	153
343	356
343	20
436	97
146	252
328	4
434	134
463	293
75	129
237	156
247	325
72	150
263	110
35	106
116	106
4	106
48	20
240	58
290	462
448	4
0	325
229	329
126	78
295	4
487	263
322	462
299	4
59	4
111	97
143	490
47	462
468	357
207	20
375	106
25	150
405	263
270	156
309	462
396	263
439	20
245	134
419	80
191	80
315	185
254	329
355	252
466	162
365	80
0	20
392	487
119	357
486	427
321	106
224	33
41	140
242	129
293	263
41	78
173	325
219	153
140	293
80	252
356	112
219	106
235	33
268	110
409	325
406	4
230	68
301	357
249	296
269	462
344	162
427	221
127	97
478	263
103	263
240	4
94	263
64	58
486	156
280	33
339	106
444	20
184	185
94	4
427	80
77	291
226	152
408	443
30	106
158	58
395	162
355	295
471	284
122	462
229	80
359	295
367	462
450	263
444	325
71	136
307	462
139	295
368	426
261	325
7	4
188	156
460	9
413	325
95	295
235	293
189	20
463	43
157	4
290	190
484	58
375	156
164	427
265	68
292	20
395	357
410	427
21	106
434	135
265	20
433	97
142	283
100	219
378	357
96	150
69	263
79	150
188	4
481	153
441	443
110	162
142	185
275	4
477	4
468	385
112	466
344	263
406	443
445	106
100	140
289	150
378	80
218	252
295	189
78	156
110	153
79	78
264	427
120	58
292	263
133	198
320	106
184	462
399	443
161	398
481	263
97	4
22	150
377	58
451	443
156	185
126	20
325	295
345	153
204	355
185	263
61	156
39	4
326	106
232	65
376	462
55	33
300	325
278	263
145	329
284	162
116	134
414	325
486	198
347	252
315	325
315	44
235	198
468	27
385	20
215	459
262	295
54	58
368	153
446	462
41	385
387	358
129	174
156	466
219	68
122	106
455	357
159	356
226	489
311	424
13	477
325	96
329	221
350	198
110	58
353	185
4	33
289	4
250	106
146	156
320	263
92	156
41	20
322	156
91	156
357	106
210	193
48	140
311	20
81	325
443	150
374	325
170	58
306	263
326	252
249	20
197	295
347	357
154	20
292	120
93	252
205	20
391	218
362	97
324	263
97	20
306	106
400	443
104	106
453	78
207	156
112	156
418	357
461	29
433	99
42	325
20	462
267	20
5	252
58	325
310	221
480	153
327	58
230	0
153	263
252	4
442	221
422	140
325	156
465	106
328	20
172	382
224	356
412	4
330	58
389	293
196	193
78	295
370	263
367	357
419	325
62	295
120	20
229	295
134	129
45	185
148	57
159	252
47	357
262	263
293	156
310	20
165	293
409	490
319	427
490	140
220	153
272	4
434	20
470	20
445	483
307	20
4	140
237	97
267	325
263	325
450	363
360	80
308	153
391	156
79	325
482	295
92	252
242	20
438	33
227	198
169	4
300	427
91	33
245	106
251	153
436	120
431	58
42	252
20	80
212	156
466	185
179	33
169	80
193	140
406	356
148	263
344	218
33	325
221	357
478	153
480	110
16	58
274	106
431	20
279	416
177	156
385	120
265	427
121	493
299	150
376	20
323	462
1	140
81	219
2	427
270	295
387	462
469	33
280	357
133	242
7	162
68	293
307	357
388	198
62	437
67	80
165	58
146	20
337	106
469	150
297	156
460	156
165	325
126	263
351	427
221	150
64	462
180	221
484	4
94	20
334	293
35	4
272	427
299	140
367	150
323	106
404	385
83	80
12	150
330	427
2	185
421	97
22	78
345	4
357	466
252	325
312	156
270	58
87	357
461	0
438	20
392	295
239	106
320	156
92	219
161	252
307	295
209	443
33	185
450	153
344	150
477	356
48	198
271	162
401	106
472	490
156	150
350	4
74	110
18	131
387	325
499	325
347	113
55	80
20	443
318	106
435	462
463	218
164	4
479	263
473	129
254	198
396	106
345	162
466	68
438	129
193	96
325	153
365	462
465	58
327	150
88	4
116	4
10	185
72	185
59	443
373	113
482	325
189	4
499	150
237	325
38	96
268	490
230	150
245	162
436	443
238	20
91	20
140	97
467	156
22	4
349	20
315	263
196	68
150	422
37	33
18	97
235	140
122	332
304	443
255	150
108	156
207	385
422	4
293	218
393	20
230	295
293	153
105	487
441	4
337	4
221	96
70	371
34	385
471	263
250	443
167	325
386	462
370	80
439	252
46	4
249	153
436	427
341	443
235	266
453	20
490	379
58	20
289	20
252	58
224	153
193	295
197	153
117	325
276	150
146	295
16	325
218	150
330	0
210	263
388	20
83	356
446	33
355	150
451	346
295	185
104	252
368	156
173	263
395	120
328	325
347	185
453	252
486	462
409	427
116	189
159	80
89	97
112	487
0	68
284	153
259	156
422	58
144	4
312	252
120	355
68	285
56	4
63	80
38	140
255	427
443	106
480	193
98	106
180	80
128	252
372	260
148	4
351	466
164	462
98	140
444	195
70	140
384	153
88	263
311	106
111	325
389	263
438	153
447	495
252	106
48	97
117	20
30	97
329	325
170	4
80	356
331	33
453	80
400	462
445	33
498	106
223	357
473	80
181	263
13	156
111	20
335	153
433	20
460	293
306	357
259	293
18	427
447	295
294	356
418	490
161	4
188	153
37	263
431	150
313	185
247	153
345	357
422	80
145	4
94	443
469	97
328	128
350	153
276	293
278	150
7	325
287	156
499	106
297	4
209	252
360	162
452	295
342	4
224	97
33	58
116	462
322	150
52	234
477	252
218	156
242	68
316	252
31	106
