id	status
235	1
38	1
414	2
375	2
128	2
323	2
372	2
146	1
293	2
116	2
193	2
349	2
224	2
7	2
157	2
223	2
310	2
422	2
218	2
386	2
312	2
325	2
197	2
320	2
112	2
97	1
237	2
481	2
69	2
478	2
295	2
89	2
284	2
252	2
159	1
13	2
344	1
209	1
322	2
165	1
345	2
438	2
177	2
208	2
367	2
444	1
364	1
140	2
31	1
210	2
106	2
77	1
68	2
80	1
330	1
103	2
145	2
268	2
380	2
20	2
247	2
353	2
111	2
41	2
368	2
377	2
37	1
196	2
466	2
155	2
217	2
334	2
498	2
185	2
301	2
350	2
18	2
100	2
395	1
280	2
113	1
328	2
133	2
117	2
78	2
219	2
263	2
184	1
443	2
355	1
419	2
259	2
172	2
342	2
436	2
308	2
464	2
463	1
490	2
376	2
3	2
56	2
96	2
170	2
480	1
287	1
347	1
81	1
306	2
281	1
139	2
53	2
446	2
121	2
242	1
55	2
230	2
226	2
160	2
453	2
191	1
47	2
33	1
311	2
120	1
48	2
262	2
204	1
329	2
5	2
58	2
318	2
118	1
110	2
270	2
274	2
2	2
409	2
94	1
462	2
273	2
290	1
439	2
79	1
366	2
356	2
351	2
388	2
104	2
265	2
431	1
326	2
115	2
479	2
119	2
61	2
239	2
442	2
417	2
339	2
201	2
477	1
361	2
179	2
189	2
389	2
292	2
370	2
279	2
245	2
307	2
427	2
418	2
397	2
95	1
215	2
445	1
4	2
227	2
261	1
392	2
457	1
396	2
164	2
378	2
150	2
314	2
469	2
401	2
250	2
451	2
387	2
114	1
441	2
357	2
277	1
60	2
486	2
256	2
144	2
70	2
315	2
450	2
92	2
72	2
16	2
62	2
220	2
86	2
17	2
181	1
221	2
299	2
487	2
483	2
316	2
182	1
452	2
492	2
229	2
447	1
267	2
493	2
269	2
333	1
207	2
254	2
278	1
365	2
251	2
21	2
336	2
1	2
454	2
162	2
88	2
169	1
434	2
87	2
240	2
405	2
64	2
473	1
289	2
472	2
8	2
491	1
499	2
300	2
213	2
461	2
460	2
71	2
45	2
402	2
98	2
373	2
129	2
244	2
0	2
294	2
471	2
10	2
125	2
238	1
127	1
321	2
271	2
324	2
154	2
258	2
161	2
420	2
474	2
107	1
435	2
335	2
255	1
425	2
167	2
206	2
15	2
413	2
203	2
91	2
34	1
383	2
108	2
275	2
360	2
28	2
232	2
470	2
153	2
35	1
317	2
298	2
12	2
134	2
124	2
465	2
384	2
337	2
282	1
173	2
497	2
341	2
482	2
455	2
26	2
25	2
379	2
458	2
391	2
130	2
163	1
430	2
123	2
143	2
75	2
394	2
198	1
202	2
67	2
410	2
296	2
371	1
440	2
156	2
448	2
249	2
59	1
147	2
83	2
135	2
122	2
393	2
354	2
423	2
484	2
22	2
313	2
216	1
456	2
158	1
74	2
390	2
194	2
171	2
343	1
400	2
126	2
276	1
260	2
222	2
66	2
257	1
348	2
412	2
338	2
429	2
23	1
180	2
51	2
406	2
403	2
90	2
199	2
149	2
151	1
248	2
327	1
494	2
52	1
190	2
468	2
76	2
302	2
54	1
411	1
433	2
142	2
82	1
93	1
399	2
46	2
42	2
231	1
148	2
475	2
428	2
30	1
297	2
426	2
141	2
166	1
65	1
195	2
288	2
283	2
286	2
332	2
404	2
50	2
476	2
385	2
449	2
369	1
264	2
309	2
421	2
188	1
175	2
138	2
362	2
24	1
408	1
359	2
415	2
352	2
374	1
467	1
168	2
272	2
105	2
407	2
14	1
291	2
253	2
432	2
398	2
176	2
319	2
39	2
485	2
340	2
228	2
109	1
363	2
225	2
358	2
303	1
234	1
132	2
304	2
459	2
241	2
36	2
211	2
44	1
9	2
63	2
437	2
236	2
243	2
43	2
152	2
131	2
187	1
205	1
489	2
32	2
11	2
285	2
102	2
488	2
331	2
57	2
381	2
99	1
346	1
73	2
174	2
29	2
49	1
382	2
495	2
192	1
186	2
183	2
6	2
416	2
305	2
212	2
84	2
496	2
40	2
19	2
85	2
101	1
424	2
246	2
266	1
178	1
214	1
233	2
136	2
27	2
137	2
200	1
