source	target
426	226
20	264
468	430
113	372
400	158
407	482
343	192
297	362
336	362
4	45
158	157
119	239
149	277
117	371
283	482
118	452
125	364
84	45
304	414
472	295
100	45
489	250
396	371
306	360
325	438
137	277
99	362
167	20
161	264
192	264
88	266
318	280
23	247
429	264
241	438
103	438
494	192
318	247
499	226
344	279
19	264
328	204
488	430
460	117
171	247
288	247
399	482
306	192
254	277
496	226
349	362
288	266
214	482
215	209
52	414
238	158
276	226
461	362
360	308
245	247
327	445
60	205
96	445
421	106
119	264
274	158
87	63
489	484
277	430
37	482
153	45
483	25
244	335
398	371
467	371
457	421
313	247
126	277
467	265
445	45
357	264
398	437
127	414
87	192
146	413
62	484
124	411
302	392
371	414
55	430
268	174
49	45
120	25
266	482
257	264
237	372
90	247
164	414
317	242
88	226
88	118
4	372
259	264
28	73
135	362
287	264
75	87
426	277
153	485
52	372
377	482
471	438
224	45
7	247
77	264
132	158
170	63
146	204
234	470
351	335
440	362
350	431
303	204
394	133
450	63
81	308
4	371
330	430
415	237
38	484
198	192
451	335
90	237
384	438
375	117
282	264
102	237
43	264
362	414
318	484
121	329
102	335
127	158
374	247
208	414
485	430
399	242
0	411
455	438
259	205
18	485
468	364
140	211
54	247
173	277
67	371
128	484
171	482
211	264
246	192
381	34
0	63
372	215
459	192
255	26
8	353
374	414
225	335
68	430
335	361
385	264
124	192
428	484
176	135
45	438
484	226
99	205
62	430
344	45
27	20
408	192
96	340
254	192
368	248
275	335
276	264
256	204
150	340
0	205
126	485
304	117
333	264
458	445
98	362
438	491
162	371
429	438
159	56
200	266
374	364
330	340
342	226
231	237
8	20
194	371
50	247
341	45
259	414
162	247
483	414
192	414
384	20
25	226
85	335
196	80
489	260
172	371
128	374
258	64
124	205
485	226
103	157
258	362
57	430
338	414
230	158
14	485
214	371
448	482
166	226
68	371
369	371
374	375
224	158
257	192
358	362
215	264
126	45
322	264
179	139
9	371
19	362
351	192
25	247
111	192
226	470
167	485
480	205
484	192
81	162
337	371
310	414
360	117
408	362
441	414
200	117
285	45
351	395
281	482
277	193
141	388
46	362
157	264
135	371
488	45
339	438
498	362
454	445
362	45
416	192
6	45
377	20
122	482
463	414
241	482
403	158
369	237
133	63
140	226
189	438
319	482
434	45
200	92
338	247
322	371
113	371
63	264
387	192
357	237
428	414
476	411
286	335
438	247
263	438
416	482
171	45
450	264
65	264
97	20
137	159
153	362
54	485
62	335
274	438
457	158
71	158
11	384
357	215
11	485
141	362
181	192
33	146
451	371
352	226
296	371
2	162
443	20
237	219
498	158
203	247
467	485
483	247
450	371
383	484
401	158
299	226
327	205
303	411
300	362
9	372
69	192
191	158
41	192
19	192
85	226
132	484
217	371
350	247
480	174
330	438
179	414
113	211
122	87
420	364
300	371
488	247
237	375
179	94
465	157
281	485
323	362
416	414
41	485
238	438
360	414
230	237
166	430
94	482
99	445
218	45
203	371
493	237
415	13
217	362
123	247
247	63
321	247
62	205
306	371
398	264
133	158
9	485
378	445
182	51
27	45
184	264
191	371
171	376
245	395
393	414
329	247
14	445
328	192
65	364
146	237
172	204
123	226
296	118
415	226
76	269
457	372
382	438
204	414
277	192
117	192
270	362
446	226
310	144
231	158
268	204
412	158
375	277
189	237
457	204
395	414
345	438
14	264
152	264
421	247
454	485
305	277
445	362
151	430
449	482
186	264
479	264
140	222
209	422
254	371
452	371
371	264
133	45
407	374
76	335
333	226
396	264
329	157
318	335
166	264
384	414
68	45
332	237
101	430
216	247
317	414
166	247
407	371
472	264
342	484
226	264
450	205
137	484
385	308
16	414
176	247
105	411
300	157
52	485
227	371
339	192
20	192
499	171
335	372
478	135
374	226
170	264
147	136
489	371
153	63
236	31
53	158
85	247
329	335
146	118
10	372
208	45
191	264
225	362
426	482
321	470
487	20
113	364
497	362
74	438
313	157
323	429
355	266
85	414
331	372
188	371
256	264
269	277
319	438
48	237
291	264
14	63
133	482
103	63
466	484
242	411
468	484
430	264
485	371
77	482
478	226
261	362
211	196
357	362
153	180
203	372
327	485
28	414
453	264
29	438
493	438
289	247
443	45
15	364
319	364
76	430
227	335
360	366
119	372
215	63
451	430
275	192
313	470
284	266
150	63
146	371
458	414
464	485
132	485
302	364
460	45
191	395
131	277
472	247
399	174
52	237
163	264
128	414
154	247
105	482
167	192
200	237
223	192
117	205
421	63
231	445
300	247
45	205
314	226
341	340
446	485
469	264
14	133
120	308
110	356
87	247
10	157
379	482
275	372
184	226
358	264
336	325
134	335
256	430
20	482
269	264
198	158
87	158
278	187
384	371
487	158
488	135
10	335
467	32
304	372
402	158
29	247
394	61
395	45
416	430
191	269
390	474
328	348
294	117
424	485
349	284
233	158
383	45
372	82
387	264
202	362
323	174
54	277
497	264
252	414
404	135
418	264
291	484
424	372
256	117
371	118
300	45
86	371
441	372
335	226
438	63
127	269
328	414
209	362
485	357
178	362
308	99
488	192
397	237
330	133
43	430
390	484
63	430
211	335
468	165
176	117
442	192
208	362
4	438
76	364
157	470
124	382
445	335
67	482
368	438
451	445
118	264
443	470
343	226
339	47
113	192
382	83
442	372
234	347
99	226
402	482
69	158
280	372
327	438
332	482
429	237
278	204
231	360
200	205
182	445
249	24
360	269
63	372
412	308
438	264
220	264
382	264
75	192
308	484
483	266
325	247
469	277
278	411
63	414
99	192
93	211
264	316
285	266
244	174
287	280
208	470
107	372
306	20
205	277
267	482
39	414
41	20
127	495
262	426
458	192
330	372
192	375
123	335
459	470
336	264
79	264
0	145
294	45
98	20
257	445
399	484
296	335
291	362
171	192
352	266
209	242
379	45
425	430
249	237
373	364
192	371
280	158
412	371
367	445
75	130
485	264
332	45
123	444
438	20
286	129
247	45
0	226
335	414
390	445
340	362
147	226
429	335
275	438
97	237
396	335
87	266
229	158
259	350
440	213
113	438
493	174
489	485
77	158
322	185
296	430
315	108
285	117
6	192
27	362
461	482
20	485
20	237
284	430
247	430
407	20
204	482
249	411
380	264
167	445
45	192
406	264
79	117
167	264
377	192
172	414
332	438
40	277
372	414
343	266
386	264
333	45
399	372
287	414
38	192
446	470
473	482
215	45
162	45
312	264
382	192
270	264
478	308
142	371
200	371
319	335
337	335
257	45
242	247
364	335
252	447
85	395
297	335
442	485
460	251
3	430
270	308
318	482
337	438
204	421
71	264
372	371
269	45
498	414
350	169
311	470
284	482
216	430
499	438
408	280
417	264
171	371
206	485
494	375
484	264
427	445
442	45
29	371
451	485
290	482
98	264
231	371
363	445
448	335
331	482
123	20
42	45
302	430
166	205
94	350
382	445
373	266
246	430
396	430
46	192
119	158
16	371
205	326
103	158
268	205
327	192
52	382
371	484
485	484
402	192
186	364
122	264
286	247
350	264
461	264
377	362
28	371
290	438
198	485
325	364
488	335
245	362
168	445
477	264
383	438
445	117
115	395
445	63
235	280
407	157
437	21
217	430
18	20
425	207
104	232
167	371
223	414
189	204
244	133
25	253
442	277
351	264
147	470
383	226
363	371
476	237
254	269
364	226
478	414
461	247
184	192
487	237
208	264
284	226
277	45
459	266
233	414
19	66
272	362
458	158
395	484
150	335
448	430
440	482
244	158
333	192
84	372
23	226
380	45
118	87
379	324
429	371
354	247
259	269
52	156
297	45
393	445
14	371
77	438
153	20
404	247
134	438
242	438
329	485
317	280
385	372
280	360
381	470
88	264
104	192
117	264
285	158
258	247
460	371
395	372
179	360
308	364
349	438
107	414
358	157
368	362
99	35
381	414
220	192
188	362
292	371
103	45
354	335
421	414
20	171
242	264
424	215
288	192
150	226
46	482
33	371
479	20
318	264
481	192
55	158
177	247
272	117
205	226
90	414
89	357
449	371
205	370
287	452
329	264
244	371
375	371
154	430
426	364
397	247
255	247
84	485
220	36
332	247
151	485
349	247
195	20
314	414
124	45
226	158
120	335
9	264
107	192
84	484
448	264
478	247
407	362
419	335
119	135
346	371
372	205
111	414
280	174
432	335
12	335
313	264
446	192
320	364
184	335
147	414
6	414
118	364
307	362
378	158
373	482
464	484
4	429
182	371
317	264
233	270
94	20
242	237
415	485
270	485
499	414
33	414
45	485
486	364
371	269
114	362
201	438
391	362
494	362
10	211
356	470
356	264
224	269
284	158
378	438
487	192
479	438
307	264
164	117
352	360
337	430
355	482
469	17
211	438
469	204
314	116
268	266
55	226
479	45
87	438
350	335
0	372
421	226
308	247
152	192
362	20
231	277
410	266
85	364
203	452
352	94
269	395
204	109
230	22
375	395
42	237
101	174
484	411
317	340
45	371
337	273
55	371
94	158
379	445
404	45
96	157
497	205
164	335
117	160
397	264
233	117
449	247
362	226
331	192
78	155
90	45
48	360
65	362
50	371
254	362
262	226
325	209
362	399
186	371
288	45
234	488
44	414
38	362
315	414
181	231
356	20
188	271
471	117
434	264
375	226
135	264
161	237
317	226
76	438
225	445
374	362
453	371
454	20
146	162
322	158
86	438
86	20
132	421
115	364
163	470
205	192
177	470
225	266
251	138
402	247
127	382
96	226
308	362
249	226
201	485
484	204
230	192
380	205
60	226
49	277
75	308
263	430
177	371
53	143
471	247
384	247
450	192
469	209
387	438
432	372
385	395
379	371
236	395
65	192
449	411
315	148
242	482
451	372
102	482
294	237
257	237
375	484
134	414
492	414
69	414
300	438
204	430
135	226
325	204
247	439
237	371
217	484
227	352
105	430
390	247
225	372
358	25
209	45
188	197
179	371
216	157
60	362
340	371
111	436
489	372
355	429
162	192
391	247
302	438
430	335
10	113
38	226
368	430
425	226
202	264
363	362
162	414
107	226
415	277
352	362
453	411
225	414
256	192
355	226
252	362
403	335
177	205
294	371
103	362
418	335
343	277
131	226
161	445
479	482
133	237
203	411
319	445
291	335
371	309
152	247
27	371
74	247
147	335
157	30
12	63
498	237
37	158
356	364
302	482
263	175
331	362
192	445
277	362
387	211
111	335
110	371
45	335
90	1
78	294
96	372
227	362
499	209
386	277
433	414
430	371
75	247
54	362
65	96
244	247
384	462
201	192
417	374
394	430
354	371
135	192
94	247
274	352
387	484
166	414
236	484
55	192
499	362
484	430
230	247
379	414
340	158
44	280
107	485
387	430
304	362
356	371
344	264
158	124
69	226
164	371
321	20
473	192
335	362
172	430
79	192
395	371
331	438
308	20
151	204
364	269
454	192
237	485
102	87
174	247
416	157
48	226
383	335
224	264
291	205
294	277
424	247
266	174
479	212
215	371
96	374
255	335
455	205
311	247
217	360
215	362
282	426
216	174
62	423
84	371
2	158
412	192
355	421
460	157
275	430
346	334
277	414
263	371
373	158
101	264
28	247
269	209
39	226
313	203
214	430
320	277
120	371
44	372
238	205
157	204
226	371
280	117
395	470
48	414
349	485
150	430
266	264
421	45
293	226
118	445
158	405
288	226
110	59
493	484
270	158
224	20
11	158
272	430
292	482
266	414
151	335
184	430
470	266
406	91
286	362
220	362
351	63
354	482
230	445
446	209
95	414
429	414
341	264
357	372
84	362
341	192
298	237
329	226
154	371
75	264
118	362
292	240
67	414
335	192
40	247
140	362
373	485
362	365
487	452
404	430
364	445
427	362
204	20
211	117
177	264
441	308
417	204
233	485
475	158
164	192
457	266
275	371
157	25
209	237
68	372
112	438
110	482
321	335
445	226
424	445
18	414
364	409
54	192
450	237
343	45
394	371
364	205
150	264
303	364
473	445
226	414
154	192
140	340
76	157
419	438
368	371
25	183
15	237
305	237
426	430
425	362
443	485
346	226
266	247
283	277
486	371
127	335
351	485
401	264
464	199
90	456
40	117
67	485
357	371
356	430
27	485
247	192
68	482
186	414
210	414
493	20
428	192
378	243
263	45
391	226
71	192
352	158
44	247
291	482
111	157
105	158
471	445
192	435
216	192
198	362
453	45
58	364
336	204
325	335
268	171
255	414
5	264
158	192
280	414
63	482
77	484
23	45
55	45
40	269
393	429
289	371
124	247
89	438
164	20
44	482
398	362
341	411
25	371
354	484
424	430
135	482
313	414
33	192
330	45
128	247
368	226
226	372
258	192
211	192
176	362
476	247
70	430
172	266
269	192
470	371
29	359
125	485
140	371
360	133
393	362
426	389
382	340
470	485
53	414
301	174
470	204
98	242
102	269
152	158
198	247
401	490
157	485
42	192
88	211
393	158
128	192
272	364
297	192
465	192
152	190
112	269
104	226
216	485
455	485
43	335
19	371
104	438
327	247
125	192
449	228
126	484
293	221
270	237
72	280
237	247
