id	status
242	2
45	2
421	2
382	2
135	2
330	2
379	2
0	2
153	2
300	2
123	2
200	2
356	2
231	2
14	2
164	2
230	2
317	2
429	2
225	2
393	2
319	2
332	2
204	2
327	2
119	2
104	2
244	2
488	2
76	2
485	2
302	2
96	2
291	2
259	2
166	2
20	2
351	2
216	2
329	2
172	2
352	2
445	2
184	2
215	2
374	2
451	2
371	2
147	2
38	2
217	2
113	2
84	2
75	2
87	2
337	2
110	2
152	2
275	2
387	2
27	2
254	2
360	2
118	2
48	2
375	2
384	2
44	2
203	2
473	2
162	2
224	2
341	2
192	2
308	2
357	2
25	2
107	2
402	2
287	2
120	2
335	2
140	2
124	2
85	2
226	2
270	2
191	2
450	2
362	2
426	2
266	2
179	2
349	2
443	2
315	1
471	2
470	2
497	2
383	2
10	2
103	2
63	2
177	2
487	2
294	2
354	2
88	2
313	2
288	2
146	2
60	2
453	2
128	2
249	2
62	2
237	2
233	2
167	2
460	2
198	2
54	2
40	2
318	2
127	2
55	2
269	2
4	2
211	2
336	2
12	2
65	2
325	2
125	2
117	2
277	2
281	2
9	2
416	2
101	2
469	2
280	2
297	2
446	2
86	2
373	2
363	2
358	2
395	2
111	2
272	2
438	2
333	2
122	2
486	2
126	2
68	2
246	2
449	2
424	2
346	2
208	2
484	2
368	2
186	2
196	1
396	2
299	1
377	2
286	2
252	2
314	2
434	2
425	2
404	2
102	2
222	2
452	2
11	2
234	2
268	2
399	2
464	2
403	2
171	2
385	2
157	2
321	2
476	2
408	2
257	2
458	2
394	2
121	1
448	2
364	2
284	2
67	2
493	2
263	2
151	2
77	2
322	2
457	2
99	2
79	2
23	2
69	2
227	2
93	2
24	2
188	1
228	1
306	2
494	2
490	1
323	2
189	2
459	2
499	2
236	2
454	2
274	2
276	2
340	2
214	2
261	2
285	2
372	2
258	2
28	2
343	2
8	1
461	2
169	1
95	2
3	1
176	2
441	2
94	2
247	2
412	2
71	2
480	2
296	2
479	2
15	2
498	2
307	2
220	2
468	2
467	1
78	1
2	2
52	2
409	1
105	2
380	2
136	1
251	1
7	1
301	1
478	2
17	2
132	2
245	2
134	2
328	2
278	2
331	2
161	2
265	1
168	2
427	2
481	2
114	2
442	2
342	2
262	2
432	2
174	2
213	2
22	1
420	2
210	2
98	2
41	2
390	2
115	2
282	2
367	1
35	2
239	2
477	1
160	2
42	2
324	1
305	2
19	2
141	1
131	2
472	2
391	2
5	2
344	2
289	2
180	1
348	1
489	2
462	2
33	2
32	1
386	2
465	2
398	2
137	2
170	2
437	1
130	1
150	2
82	2
401	2
205	2
209	2
74	2
417	2
303	2
378	2
447	2
163	2
455	2
256	2
66	2
154	2
90	2
142	2
129	1
400	1
361	1
430	2
491	1
29	2
320	2
223	2
463	1
165	1
81	2
397	2
201	2
178	1
350	2
407	2
133	2
283	2
267	1
229	1
73	2
264	2
355	2
419	2
345	1
436	1
30	1
187	1
58	2
413	2
410	2
97	2
206	2
156	1
158	2
255	2
334	1
59	2
197	1
475	2
83	2
309	2
61	1
418	2
440	2
149	1
89	2
100	2
406	1
53	2
49	2
238	2
155	1
482	2
435	2
37	2
304	2
433	1
148	1
173	2
72	1
202	2
295	1
290	2
293	1
339	2
411	2
57	2
483	2
392	1
456	1
376	1
271	1
316	1
428	2
195	2
182	2
145	1
369	2
31	2
415	2
366	2
422	1
359	1
381	2
474	1
175	2
279	2
112	2
414	2
21	1
298	1
6	2
260	1
439	2
405	2
183	1
326	1
46	2
492	2
347	2
235	2
116	2
370	2
232	1
365	1
310	1
241	2
139	1
311	2
466	2
248	1
43	2
218	2
16	2
51	1
70	2
444	1
243	1
250	1
50	2
159	1
138	1
194	1
212	1
496	1
39	2
18	2
292	2
109	2
495	2
338	2
64	1
388	1
106	2
353	1
80	1
181	2
36	2
56	1
389	2
199	1
193	2
190	1
13	2
423	1
312	2
219	2
91	1
47	1
26	2
92	2
108	1
431	1
1	2
253	1
273	1
185	1
221	1
240	2
143	1
34	1
144	1
207	2
