source	target
209	212
182	184
14	16
478	480
263	266
467	468
438	439
283	285
49	50
13	16
250	251
273	274
52	54
190	193
56	59
310	312
247	250
8	9
261	263
201	204
484	486
306	436
71	430
291	292
483	485
470	472
171	173
337	340
268	271
76	78
421	423
302	305
103	104
493	494
32	33
483	455
363	365
296	298
344	346
287	397
364	367
44	47
205	370
327	330
200	202
252	254
4	7
162	165
466	467
124	125
109	112
225	227
194	236
230	202
471	473
141	144
128	131
150	153
19	22
293	296
313	316
368	371
48	98
475	477
339	340
144	147
45	394
489	492
384	386
181	182
273	276
36	39
372	373
269	272
437	439
19	21
238	240
444	446
28	30
51	52
121	122
434	435
137	139
404	407
67	68
401	402
189	332
199	200
414	416
235	238
304	306
366	368
335	338
105	106
58	60
374	377
72	73
493	496
138	141
294	421
154	157
264	266
330	331
99	100
343	262
41	44
129	131
372	375
318	320
121	124
317	320
266	267
21	24
337	339
16	17
95	98
155	156
425	428
205	208
270	272
259	260
453	454
134	135
85	86
29	32
304	305
69	71
145	146
239	242
394	397
196	198
295	298
74	77
408	411
366	367
330	332
333	336
331	332
358	65
388	345
106	443
299	300
201	203
92	93
370	124
189	192
8	10
243	245
113	115
429	432
368	370
170	172
219	220
478	481
172	175
260	261
193	194
108	110
253	255
388	391
415	416
9	191
94	300
222	225
424	128
391	393
110	113
404	405
75	76
159	162
233	24
176	179
272	274
240	242
298	430
262	263
200	135
495	498
334	337
97	100
193	195
309	310
64	67
90	93
227	230
95	96
131	134
29	293
401	403
351	354
269	271
434	437
109	111
22	25
91	93
460	461
13	14
488	491
485	486
436	437
443	444
196	199
396	398
430	433
188	190
407	409
192	194
407	408
491	493
355	356
207	210
311	312
124	126
254	257
46	49
364	366
185	188
490	491
356	358
1	2
127	128
147	150
153	156
72	75
357	358
230	231
103	106
320	246
24	27
440	442
228	230
422	423
324	327
372	374
308	310
398	400
255	258
164	166
365	368
195	198
18	20
385	386
469	470
406	407
69	70
60	61
479	480
477	479
341	343
58	59
152	153
193	196
216	219
466	469
5	7
360	361
419	422
139	141
221	224
263	265
50	51
420	422
41	42
252	253
432	434
447	448
34	35
114	468
445	439
381	382
56	57
171	172
433	435
79	81
445	446
446	447
48	350
377	379
27	29
251	252
426	428
426	427
208	209
46	48
52	53
374	376
115	118
222	223
51	54
61	64
234	237
443	445
477	170
277	331
149	150
119	122
186	77
392	394
191	192
62	63
244	246
257	259
246	249
115	116
215	216
225	228
125	128
386	388
417	419
497	499
459	460
192	193
417	420
38	39
6	7
418	420
293	295
70	71
285	287
268	269
54	55
276	451
419	420
348	350
316	361
467	470
97	98
1	3
14	17
245	258
107	109
83	71
364	365
152	155
25	26
28	31
393	395
285	286
277	279
218	220
303	306
198	201
286	289
437	440
395	396
453	273
416	418
158	160
296	297
30	32
173	176
39	41
455	456
311	314
248	251
447	449
33	35
339	342
182	183
383	386
133	134
351	353
463	466
91	92
475	478
270	273
208	210
273	287
397	400
12	15
146	148
78	79
482	484
256	258
234	236
466	91
412	413
361	363
482	485
4	5
225	226
288	289
212	215
279	281
415	417
323	325
468	471
19	20
319	320
35	141
259	262
297	272
494	497
448	451
396	399
410	412
126	127
91	94
54	57
360	362
31	34
6	9
446	449
338	340
414	417
292	295
195	196
411	412
462	465
197	199
217	220
224	227
114	115
111	114
255	256
470	473
30	33
314	315
113	114
236	239
134	232
100	103
77	79
122	125
464	466
417	418
432	435
177	180
192	195
203	196
166	168
281	251
253	323
107	108
350	351
442	443
184	185
148	149
447	450
7	9
202	205
171	174
457	459
80	81
18	19
498	499
381	281
375	377
194	196
156	158
116	118
378	99
20	22
222	224
0	2
174	177
391	394
315	318
340	115
294	295
190	192
42	44
185	186
118	120
183	184
237	239
460	463
167	168
301	302
265	267
37	39
383	384
332	333
219	221
377	378
322	325
300	301
278	280
207	209
2	5
73	76
419	421
211	214
301	250
186	188
399	402
386	387
113	116
34	36
336	337
104	105
261	264
456	459
68	71
70	72
468	470
81	83
486	487
177	321
100	101
20	21
161	163
223	225
116	117
452	455
79	80
177	178
411	452
144	145
409	410
42	45
169	170
120	122
57	59
376	378
116	119
89	346
460	462
340	341
87	55
357	359
428	429
354	357
215	217
245	247
451	454
491	492
229	232
380	381
304	307
266	268
87	88
98	101
187	188
353	77
158	161
133	135
55	147
108	111
26	28
64	66
217	219
308	309
132	135
168	169
164	167
474	298
11	14
0	499
392	435
126	128
130	132
352	355
248	250
137	140
20	23
393	396
102	104
486	489
198	200
301	303
228	231
449	479
495	496
271	272
187	124
80	450
94	96
267	269
103	105
9	12
204	207
455	457
389	391
119	120
40	43
181	184
136	138
405	408
69	72
197	198
2	4
185	187
12	427
289	291
165	396
79	82
93	37
363	168
382	385
77	80
382	384
210	212
431	434
302	303
123	126
232	233
431	432
214	215
132	133
449	451
232	234
206	208
67	70
359	361
359	360
101	102
387	435
36	37
51	53
472	475
189	191
235	237
292	293
265	244
340	343
284	287
476	479
3	4
486	488
39	40
104	106
47	50
127	130
373	376
478	479
86	88
213	215
479	482
210	211
232	38
329	330
86	87
249	252
70	415
496	497
492	493
136	137
383	385
187	190
303	304
21	23
402	403
212	214
10	11
56	385
458	460
111	112
329	332
241	243
241	244
493	495
445	447
44	46
134	137
371	372
84	87
24	26
408	410
128	130
433	436
395	398
350	352
168	170
66	68
23	155
473	474
289	292
75	77
123	18
313	314
169	172
126	129
299	301
66	69
484	485
350	353
71	72
50	53
434	436
475	476
345	348
4	6
160	163
362	255
173	175
313	315
214	216
440	443
210	213
450	453
254	255
274	275
88	90
369	370
323	326
269	270
163	166
432	433
319	322
112	113
375	376
65	66
233	234
450	452
398	399
380	383
282	285
23	25
157	159
34	37
175	177
17	18
227	229
300	302
476	477
422	425
275	276
297	298
290	293
62	64
26	29
314	317
234	235
90	92
17	20
261	262
160	161
382	383
174	176
121	123
465	468
490	493
183	185
183	186
239	241
31	39
442	445
352	354
489	491
355	358
21	22
302	304
435	436
207	208
55	57
458	114
107	110
98	99
231	234
72	74
264	267
334	336
289	290
380	382
291	294
457	458
44	45
376	69
373	375
55	58
294	297
1	498
95	97
397	398
83	84
343	346
100	102
425	426
412	415
312	315
348	351
6	8
363	364
280	447
428	430
274	277
201	202
468	91
10	13
375	378
286	287
46	47
151	153
469	472
60	62
175	410
418	419
323	324
260	263
143	146
391	392
138	140
174	175
358	361
326	328
117	120
259	261
353	355
179	181
338	339
106	109
278	281
122	124
233	236
203	204
257	260
247	248
278	279
276	278
307	308
163	165
341	342
87	90
223	224
28	29
385	387
15	18
64	65
16	18
399	401
365	65
157	160
226	229
251	254
488	490
248	249
316	319
213	214
423	425
186	187
167	169
324	326
454	456
129	130
140	142
418	421
328	331
101	478
421	424
356	357
399	82
125	127
57	60
172	173
106	107
421	422
97	99
167	170
438	440
390	319
159	160
443	446
389	390
308	311
27	30
347	350
292	294
267	270
35	38
142	144
367	368
394	396
342	344
155	382
450	451
18	21
487	272
459	461
369	372
145	148
461	463
7	10
47	48
271	212
439	441
144	146
237	240
15	17
45	48
179	182
145	147
190	191
400	401
348	349
118	121
47	49
180	181
54	56
88	91
176	177
43	46
398	401
59	62
438	441
264	265
242	245
427	429
239	240
153	155
489	490
464	465
384	385
13	15
362	365
405	407
413	419
393	394
374	375
254	256
312	313
45	46
102	105
131	132
178	179
416	417
414	415
147	148
481	483
325	326
258	259
194	195
455	458
310	311
59	61
362	364
58	61
496	168
485	487
74	76
255	257
17	19
433	434
474	475
133	136
473	476
449	450
320	322
275	278
435	438
181	183
385	388
65	68
148	151
491	494
331	334
416	419
3	5
238	239
402	97
427	470
220	222
132	134
96	234
318	68
319	321
202	203
496	498
287	290
262	264
472	473
231	233
209	211
223	226
492	494
229	231
437	438
212	213
168	171
150	151
213	216
151	154
494	495
312	314
459	462
306	307
226	227
203	206
5	6
480	483
461	464
26	27
281	283
497	498
352	98
290	292
197	200
359	362
32	35
441	442
127	129
68	69
2	3
263	264
376	377
39	42
423	426
112	115
166	169
330	333
410	413
41	43
331	333
321	324
1	499
396	397
61	63
208	211
456	457
244	245
345	346
252	255
494	496
178	181
14	15
241	242
118	119
242	243
206	209
483	484
343	344
349	334
276	279
88	89
178	180
373	374
166	167
93	94
93	95
229	230
403	404
156	331
257	258
424	426
404	406
307	309
11	12
12	13
117	119
471	474
53	56
327	329
238	241
347	349
218	219
218	221
130	57
441	444
431	433
215	218
484	487
297	299
441	443
160	162
9	11
141	143
474	477
188	191
482	449
42	410
0	15
152	154
251	253
444	447
27	28
50	52
43	45
49	51
138	139
274	276
219	222
354	355
73	74
367	394
409	412
262	265
317	367
436	439
81	82
53	55
305	306
162	164
258	260
314	316
216	217
131	133
413	415
403	406
341	344
307	310
270	271
105	107
31	32
386	389
43	44
84	86
137	138
25	28
198	199
146	4
67	69
349	352
277	280
346	41
275	277
191	194
110	111
485	39
89	266
280	281
353	356
346	347
309	311
148	472
315	316
256	259
407	410
82	117
387	388
481	482
10	12
403	405
439	442
326	327
99	101
5	349
184	187
78	81
142	145
169	171
37	38
298	237
267	268
163	164
390	391
130	133
60	63
408	409
440	441
358	434
48	49
150	152
158	159
92	127
347	348
143	145
165	166
253	412
388	389
429	431
117	118
285	288
310	313
62	65
140	143
333	334
249	250
237	238
265	268
487	490
446	448
351	352
332	334
123	124
332	335
22	24
59	60
365	367
211	213
354	356
216	218
161	162
381	383
390	392
329	331
305	308
462	464
451	452
2	499
247	249
149	151
439	440
469	471
339	341
182	185
345	347
143	144
326	329
53	104
85	88
147	149
490	492
73	75
74	75
371	373
258	261
249	251
139	140
487	488
221	25
37	40
30	31
157	158
452	454
389	392
7	8
161	164
337	338
317	319
272	275
209	210
236	237
90	91
361	362
204	274
280	282
268	369
151	152
227	228
155	435
429	430
112	114
410	411
400	153
61	62
188	189
40	41
286	220
481	484
387	390
179	180
338	341
120	123
335	337
324	325
226	228
128	129
165	168
299	163
32	34
428	431
379	382
360	363
384	387
426	429
448	449
321	323
104	107
89	90
411	414
33	34
220	221
325	327
451	453
199	201
295	297
102	103
370	372
279	280
124	127
180	183
202	204
452	453
471	472
272	273
105	108
465	466
0	498
246	247
170	488
492	495
422	424
35	36
200	203
99	102
25	27
98	100
378	379
260	262
306	308
77	452
406	409
154	155
480	482
288	291
159	161
454	457
369	371
135	137
367	370
92	95
472	474
463	465
315	317
1	4
320	321
477	19
162	163
379	380
23	26
279	282
96	160
11	13
467	469
282	283
170	173
78	80
378	436
344	347
180	182
336	338
184	186
230	233
206	207
114	116
82	83
464	467
336	339
63	66
224	226
401	404
81	84
409	58
129	132
199	202
235	236
38	41
204	205
420	421
142	143
141	142
461	462
164	165
284	285
135	136
361	364
423	424
65	67
22	23
430	432
470	471
327	328
3	6
231	232
456	458
290	291
298	129
335	336
191	193
406	408
344	345
322	324
68	70
420	423
146	147
80	82
465	467
412	414
139	142
453	456
246	248
214	217
397	399
366	369
291	293
287	289
38	40
195	197
476	478
305	307
115	117
15	16
355	357
245	171
488	489
448	232
240	243
371	374
379	381
303	305
211	212
405	406
415	418
52	55
370	371
309	312
24	436
463	464
436	438
427	428
356	359
136	139
0	3
271	273
311	313
395	397
281	282
377	380
293	294
334	149
318	319
173	174
368	369
479	481
413	414
242	244
288	76
349	350
153	310
196	197
119	121
205	206
236	238
82	84
454	455
94	97
346	349
85	87
256	257
322	323
8	11
75	463
300	303
333	335
16	19
154	156
342	345
243	246
462	463
76	79
283	286
140	141
250	252
444	445
33	36
357	218
392	395
295	296
321	322
328	329
176	178
149	152
473	475
266	269
402	405
217	218
175	178
220	223
442	244
29	30
457	54
96	98
480	481
316	318
125	126
101	103
40	42
156	159
458	459
122	123
342	343
435	437
120	121
250	253
430	431
425	427
394	395
76	3
240	241
0	1
71	74
244	247
221	223
108	109
400	402
325	328
296	299
57	58
328	330
495	497
424	425
36	38
83	85
228	229
284	286
49	52
110	112
172	174
282	284
111	113
109	110
224	225
135	138
63	64
84	85
243	244
66	283
63	65
86	89
283	284
