id	status
155	2
338	2
119	2
256	2
330	2
194	2
83	2
46	2
142	2
391	2
406	2
424	1
470	2
279	2
211	1
172	2
159	2
188	2
321	2
26	1
298	2
318	2
453	2
199	2
231	1
384	2
86	2
413	1
484	2
378	2
392	2
122	1
232	1
326	2
442	2
357	2
444	2
234	2
286	2
369	2
367	2
237	2
25	1
316	2
206	1
100	2
70	2
190	2
44	2
267	2
20	1
57	2
187	1
295	2
241	2
467	2
407	2
350	2
123	1
362	2
1	1
495	1
33	2
365	2
19	1
303	2
131	1
94	2
302	2
268	2
447	2
129	1
167	2
308	2
52	2
49	2
173	2
360	2
431	2
115	2
103	2
39	2
168	2
125	1
299	2
463	2
356	2
217	1
375	2
50	2
341	2
121	2
398	2
485	2
191	2
301	2
280	2
124	1
105	2
412	2
179	1
274	2
323	2
80	2
337	2
452	2
461	2
373	2
143	2
62	2
262	2
223	1
204	2
17	1
246	2
139	2
277	2
473	2
325	2
358	2
32	2
2	1
34	2
197	2
60	2
222	1
351	2
420	1
310	2
440	2
228	1
396	2
255	2
371	2
423	1
6	1
486	2
30	2
126	1
40	2
359	2
368	2
61	2
419	1
98	2
56	2
481	2
454	2
149	2
184	1
230	1
258	2
343	2
320	2
377	2
324	2
9	1
166	2
4	1
415	1
439	2
176	2
144	2
189	2
340	2
42	2
7	1
218	1
494	1
263	2
364	2
5	1
489	2
205	1
443	2
355	2
160	2
426	2
383	2
18	1
141	2
200	2
54	2
27	1
491	2
428	2
110	2
313	2
334	2
130	1
16	1
21	1
335	2
259	2
290	2
349	2
345	2
474	2
336	2
469	2
265	2
433	2
11	1
421	1
264	2
177	2
10	1
243	2
47	2
347	2
170	2
254	2
414	1
260	2
23	1
137	2
219	1
435	2
35	2
87	2
0	1
388	2
82	2
482	2
93	2
409	2
182	1
322	2
476	2
73	1
499	1
432	2
117	2
76	2
366	2
88	2
212	1
240	2
465	2
111	2
438	2
478	2
402	2
193	2
8	1
441	2
247	2
220	1
244	2
161	2
425	2
437	2
466	2
284	2
210	1
192	2
140	2
411	2
198	2
107	2
3	1
387	2
78	2
309	2
436	2
374	2
487	2
221	1
95	2
404	2
288	2
348	2
64	2
450	2
43	2
397	2
118	2
91	2
127	1
496	1
380	2
399	2
22	1
101	2
55	2
429	2
202	2
449	2
186	1
138	2
153	2
346	2
38	2
209	1
300	2
344	2
314	2
363	2
238	2
169	2
361	2
53	2
29	2
229	1
37	2
12	1
472	2
66	2
493	1
382	2
96	2
196	2
224	1
207	1
36	2
148	2
120	2
45	2
213	1
477	2
185	1
114	2
132	1
150	2
116	2
226	1
249	2
294	2
372	2
157	2
97	2
67	2
104	2
434	2
448	2
128	1
270	2
293	2
15	1
162	2
445	2
134	1
283	2
497	1
261	2
342	2
306	2
464	2
181	1
77	2
462	2
278	2
146	2
253	2
63	2
446	2
135	2
480	2
163	2
273	2
418	1
106	2
408	2
281	2
31	2
297	2
58	2
59	2
109	2
215	1
427	2
235	2
430	2
178	2
133	1
296	2
266	2
233	1
171	2
108	2
175	2
195	2
28	2
483	2
92	2
276	2
471	2
315	2
180	1
225	1
460	2
250	2
394	2
393	2
41	2
84	2
354	2
289	2
272	2
152	2
311	2
251	2
307	2
459	2
422	1
154	2
69	2
317	2
257	2
401	2
353	2
85	2
498	1
13	1
242	2
51	2
271	2
416	1
339	2
79	2
136	1
312	2
227	1
292	2
479	2
376	2
331	2
456	2
89	2
451	2
156	2
457	2
381	2
81	2
236	2
282	2
390	2
352	2
68	2
48	2
151	2
275	2
305	2
417	1
385	2
214	1
174	2
287	2
90	2
71	2
490	2
158	2
370	2
183	1
245	2
147	2
379	2
333	2
386	2
410	2
327	2
99	2
328	2
492	2
400	2
285	2
468	2
208	1
475	2
102	2
65	2
239	2
389	2
455	2
248	2
488	2
458	2
75	2
405	2
269	2
201	2
203	2
164	2
24	1
291	2
113	2
72	2
112	2
329	2
165	2
145	2
74	2
332	2
403	2
252	2
319	2
14	1
304	2
216	1
395	2
