source	target
218	220
386	388
399	400
31	33
213	333
443	302
51	52
8	11
356	397
69	71
180	181
288	45
495	498
191	194
272	182
371	199
24	25
486	194
129	264
269	421
366	304
109	112
184	186
431	195
33	35
122	125
231	233
385	386
384	385
356	188
449	452
311	236
379	450
20	21
322	323
61	24
248	250
294	279
299	302
408	411
265	267
355	234
162	464
274	102
367	247
416	419
152	86
411	211
376	377
418	366
14	180
407	195
35	447
222	182
354	355
110	113
36	39
130	133
322	11
495	356
5	379
45	341
338	339
235	237
432	362
450	491
426	37
453	454
441	343
334	337
72	62
301	304
408	409
145	12
21	10
437	440
275	277
344	434
316	38
199	171
145	146
401	402
57	59
209	211
183	184
148	257
218	291
40	42
147	351
244	247
452	15
136	139
327	312
76	177
309	380
153	155
150	30
326	328
459	462
164	207
19	461
454	456
111	114
468	413
414	384
98	217
498	107
269	313
342	217
161	425
295	297
117	452
228	231
104	478
174	481
323	36
128	130
157	330
409	412
198	200
467	468
406	407
178	0
47	180
346	140
87	89
292	276
289	291
475	478
283	133
417	354
315	318
155	158
276	495
228	229
404	405
99	100
427	428
292	293
494	121
400	114
304	307
304	95
38	404
366	78
460	391
412	414
205	208
132	464
396	398
14	78
436	438
437	397
109	111
90	92
280	371
461	464
424	425
131	488
252	254
44	45
85	140
360	363
346	348
126	127
348	406
466	215
474	475
336	339
79	82
181	182
159	160
115	17
127	128
131	134
299	105
203	206
251	384
94	95
48	50
237	26
395	234
143	349
123	126
334	148
392	393
19	21
311	5
493	460
491	494
255	258
84	458
23	368
54	370
484	485
454	457
114	58
313	12
83	433
113	115
414	464
265	266
390	393
231	234
239	197
247	183
257	260
368	81
26	27
227	230
440	442
419	474
7	369
431	434
372	462
341	342
322	325
194	195
89	330
3	4
116	376
181	183
78	414
273	274
123	125
271	273
429	158
150	57
299	300
373	147
229	231
429	363
282	190
285	288
212	29
306	309
238	231
450	3
379	382
207	210
378	379
205	207
140	190
147	149
367	369
260	263
161	330
250	151
270	426
203	358
321	322
86	88
26	28
98	100
487	490
404	407
281	284
127	129
462	463
334	335
151	206
171	151
400	316
117	118
86	89
249	45
276	219
427	208
477	478
124	339
345	348
354	176
71	217
141	357
421	422
380	199
107	47
449	451
470	293
275	276
22	194
170	64
175	177
230	458
202	226
377	169
289	307
156	79
403	404
293	294
193	195
195	196
447	213
479	480
224	225
139	82
47	492
318	319
10	13
398	399
67	69
359	362
318	320
88	437
226	228
388	410
186	188
480	483
319	320
96	489
196	98
7	315
313	146
344	461
120	236
347	99
319	322
368	370
20	22
10	91
172	210
199	344
242	244
80	360
476	478
483	308
50	53
264	81
204	205
295	298
153	156
277	96
317	318
487	135
166	168
168	314
256	495
258	260
179	181
331	108
91	93
57	292
317	443
478	380
358	130
62	204
300	386
384	386
284	286
457	223
45	495
494	139
364	366
376	378
189	190
217	298
212	82
34	94
192	194
353	340
99	102
124	387
298	300
178	180
493	342
495	497
473	476
391	451
472	460
488	489
259	366
383	385
451	44
211	354
26	369
409	476
15	16
32	35
200	201
53	431
263	357
137	139
214	253
445	49
316	317
492	493
23	26
369	371
323	212
402	273
42	48
193	184
104	106
392	172
395	397
286	0
349	351
130	132
297	299
39	178
70	367
55	57
162	165
252	255
241	225
464	361
261	262
43	44
397	292
446	447
364	189
210	239
46	161
321	335
347	349
257	220
315	317
0	3
332	95
160	486
135	212
371	373
176	197
416	417
393	59
3	194
448	451
455	457
365	366
317	320
202	203
300	89
333	335
30	31
204	206
195	213
234	389
216	219
399	401
9	12
169	170
158	159
167	168
50	164
234	236
149	24
59	310
398	401
398	400
12	13
197	199
211	214
246	276
259	260
387	448
331	235
57	60
142	145
17	18
216	218
74	224
30	23
0	413
371	477
159	210
361	363
283	286
245	248
170	346
71	151
6	7
171	201
94	97
404	406
182	183
156	294
14	17
112	114
411	57
357	359
51	191
486	489
195	413
471	472
422	423
0	498
480	481
303	304
435	436
340	346
114	115
28	184
215	218
6	9
483	41
20	2
251	21
221	269
309	312
208	490
418	87
362	374
253	219
370	466
121	122
361	362
16	392
70	143
343	478
146	461
165	197
258	259
468	469
137	140
196	4
328	331
481	484
255	257
451	496
223	224
445	266
391	394
50	494
343	344
171	482
172	175
451	454
365	6
273	345
199	469
266	480
173	475
46	460
392	236
227	228
209	262
45	73
90	262
314	316
419	297
238	46
390	12
415	417
144	145
249	165
253	255
487	489
102	115
237	460
61	62
169	172
389	80
2	499
305	183
338	232
116	96
163	165
86	274
189	192
491	474
243	246
29	326
333	240
232	365
356	357
290	291
358	83
431	337
2	4
221	222
18	19
21	22
235	238
306	308
87	88
293	280
119	255
243	117
425	427
74	77
277	490
219	220
172	243
236	239
474	476
217	218
46	48
446	16
479	482
163	324
13	15
328	368
423	217
332	171
177	37
125	107
350	351
17	497
208	80
259	262
1	499
247	139
419	494
420	422
62	64
441	486
373	375
405	287
420	487
77	299
54	56
438	70
222	233
489	492
142	143
97	100
190	193
271	143
190	191
264	327
267	414
103	105
463	95
424	260
387	388
164	166
121	468
113	141
396	260
496	438
108	111
274	276
240	241
214	216
128	131
389	172
434	226
176	178
284	285
49	51
302	305
292	102
53	217
166	90
443	411
394	395
346	347
179	363
63	65
406	440
80	399
309	310
470	473
130	126
84	407
497	499
138	141
328	123
210	493
18	107
428	430
296	298
122	123
155	410
357	198
219	221
372	165
61	362
121	124
25	26
384	387
207	208
435	437
345	72
485	367
184	187
375	378
489	302
414	408
95	318
329	128
95	389
62	273
23	24
351	353
471	108
362	416
106	109
192	244
333	458
351	352
281	283
364	422
483	485
407	398
321	497
12	173
9	212
174	175
209	210
148	151
0	487
376	379
323	325
11	252
218	221
359	413
399	402
177	179
96	14
382	385
80	82
213	23
464	466
44	46
458	461
454	455
348	49
442	443
27	388
413	54
59	62
152	99
252	311
330	422
279	424
89	91
280	25
113	192
343	345
390	391
55	56
324	289
302	258
239	184
68	396
444	446
169	413
247	250
410	99
41	42
460	188
281	282
83	206
109	110
194	196
233	235
125	469
428	73
472	473
486	488
274	275
463	46
417	177
69	307
151	153
162	164
38	353
225	136
123	487
492	494
97	99
42	43
22	23
297	300
347	233
425	426
27	229
272	3
282	399
155	227
222	236
494	495
8	9
283	425
92	94
118	120
242	83
278	97
263	266
82	272
48	138
244	218
97	98
353	344
312	138
35	36
276	278
160	27
235	157
230	233
266	118
318	321
291	294
310	470
225	36
30	315
295	55
301	468
208	209
65	156
112	115
81	100
11	138
461	106
254	255
115	118
73	74
36	37
460	461
265	268
193	150
22	24
492	298
39	333
440	443
369	410
457	309
56	379
490	492
137	138
1	3
415	416
462	253
188	190
232	315
350	319
280	39
203	403
458	460
136	171
352	422
127	215
330	498
469	470
355	356
58	415
223	225
75	78
105	325
32	218
88	496
475	477
461	462
185	418
422	424
375	376
4	5
72	496
69	353
194	140
480	177
360	24
206	125
401	404
215	217
78	80
224	136
154	255
393	189
304	367
185	187
339	340
434	437
467	469
289	292
173	175
307	41
267	270
350	353
270	53
53	48
164	142
157	158
100	205
360	361
327	24
101	37
264	480
139	142
238	344
258	261
166	169
49	202
294	2
100	432
242	245
279	308
74	76
92	494
64	65
484	486
262	83
339	341
256	339
436	442
433	434
4	6
227	103
462	464
66	69
284	287
183	185
16	136
353	88
306	307
293	296
138	140
75	77
36	38
122	92
21	307
153	154
316	319
369	352
430	432
382	383
287	273
68	69
9	220
79	81
263	264
160	451
386	387
448	171
89	90
240	71
476	485
25	27
467	470
397	399
336	338
183	411
286	288
349	416
105	352
412	471
37	40
453	456
40	455
131	37
91	240
168	169
421	174
140	143
249	252
408	410
187	189
493	396
146	76
386	121
426	427
416	418
182	184
66	148
138	445
345	304
212	278
55	134
111	113
90	91
372	375
77	225
465	468
220	221
393	394
337	340
82	85
336	288
133	368
287	392
206	364
394	397
192	498
11	13
357	315
145	212
157	143
320	53
315	311
490	373
197	404
397	400
409	411
385	188
146	22
482	484
119	121
312	468
37	242
325	15
0	2
344	100
433	435
298	173
27	139
7	9
335	166
325	327
180	183
82	56
324	326
432	434
43	456
143	131
496	499
296	299
96	99
395	396
430	359
126	6
116	340
383	386
477	284
273	276
220	200
341	308
118	119
312	313
17	109
303	306
485	486
422	425
348	332
474	477
305	306
43	46
428	341
3	379
488	490
118	121
174	176
129	248
294	420
277	279
374	211
303	288
117	201
38	257
342	344
442	486
332	333
154	155
93	94
253	256
375	377
410	412
149	313
98	101
370	14
250	144
76	314
473	474
254	257
491	493
478	479
479	438
367	368
170	172
349	350
114	117
188	244
405	406
363	381
465	174
470	193
214	217
4	136
202	204
8	10
285	190
201	305
5	6
248	251
407	5
300	427
144	146
76	270
167	169
181	321
100	103
197	198
481	483
165	368
359	361
31	34
261	63
237	414
205	206
77	80
381	113
271	320
464	465
226	61
417	48
437	438
1	165
221	370
186	187
177	246
400	403
352	139
52	254
24	181
373	50
405	407
71	48
435	438
254	256
268	269
287	290
126	129
381	384
211	213
240	16
381	78
335	383
144	147
423	8
413	99
135	137
286	499
394	239
78	79
73	75
374	115
456	39
410	413
223	326
290	293
308	311
115	427
175	176
64	67
445	120
447	450
154	235
391	320
423	424
288	291
189	130
110	112
206	363
56	253
228	230
439	442
438	439
31	201
47	2
18	446
388	390
179	348
297	132
266	267
496	408
255	256
282	283
64	66
291	292
351	354
296	350
37	469
339	342
370	371
246	248
311	20
217	220
337	430
230	231
5	189
125	191
482	485
13	156
190	160
272	273
73	209
13	14
427	477
140	248
173	494
387	390
450	451
290	292
51	487
15	152
432	85
10	12
128	269
182	51
403	405
143	2
452	453
81	82
41	43
158	16
471	72
310	313
204	207
412	413
33	36
210	264
129	318
49	52
88	89
382	384
99	101
186	400
413	448
233	236
260	79
60	89
168	170
245	246
403	406
468	264
456	459
150	153
329	331
261	263
66	284
81	83
187	311
103	106
425	173
377	175
110	125
149	152
107	108
152	63
34	189
430	431
180	273
485	188
455	311
65	67
378	191
33	95
341	376
352	355
28	29
378	409
363	141
320	469
285	23
40	315
60	443
63	64
201	203
314	381
0	499
58	59
421	445
490	493
141	248
101	104
148	149
244	246
176	459
319	200
111	104
248	449
215	376
278	281
28	31
233	234
307	309
93	144
29	349
481	482
270	271
429	443
324	478
268	270
305	379
366	312
106	107
124	287
477	480
406	408
134	136
198	137
198	199
368	369
269	399
104	107
133	136
446	448
101	290
457	458
85	86
108	110
107	109
24	26
236	437
302	304
251	427
151	152
340	204
35	170
377	231
459	137
87	436
434	155
489	481
320	323
236	24
63	445
342	189
361	364
185	186
433	331
385	376
458	459
201	204
184	185
224	227
262	264
438	43
439	201
331	332
225	228
329	360
83	113
95	12
139	474
441	443
426	442
6	8
159	162
54	465
443	22
32	461
112	476
187	190
92	95
338	113
307	308
178	181
355	445
314	492
250	292
313	314
484	266
167	170
262	82
188	74
191	192
200	203
298	299
267	269
411	255
453	455
279	281
220	222
158	161
243	201
388	391
482	144
418	419
308	260
25	28
165	168
216	217
488	207
497	498
133	15
60	63
56	58
389	35
401	29
239	359
415	418
363	366
424	287
439	440
337	338
327	330
191	193
257	259
132	133
420	427
291	482
102	104
326	77
102	105
278	280
310	434
142	45
213	75
444	447
308	164
241	243
234	493
268	271
120	487
455	115
476	2
380	381
136	204
260	298
70	266
135	136
440	483
383	493
473	408
354	357
108	109
84	86
132	135
93	497
330	453
85	87
358	408
39	57
34	37
59	121
288	372
94	96
105	131
119	61
120	320
52	54
402	76
68	71
459	460
207	99
362	365
65	68
200	288
134	399
449	272
229	230
103	126
79	80
42	44
44	47
275	335
447	448
175	178
67	477
147	474
335	121
466	269
478	98
402	6
241	242
380	383
52	44
1	498
196	197
156	272
15	66
465	466
456	457
444	113
442	444
448	258
452	348
229	24
469	155
466	467
326	327
325	276
469	62
226	227
29	63
246	44
161	163
475	476
472	168
463	481
106	108
141	143
379	151
301	302
374	269
436	437
219	16
396	397
75	76
16	18
340	367
365	210
256	42
1	4
163	166
72	73
134	137
231	467
41	44
67	68
58	61
2	227
2	438
19	176
91	40
12	14
48	51
232	437
245	247
