id	status
66	1
380	2
74	2
167	1
104	2
16	1
434	2
466	2
197	2
237	2
217	1
458	2
243	1
475	2
72	2
478	2
454	2
318	2
401	2
14	2
214	1
252	1
48	2
114	2
90	2
18	1
361	2
110	2
204	2
241	1
68	1
95	2
179	2
171	2
265	2
388	2
462	2
91	2
21	2
102	2
429	2
386	2
300	2
71	1
123	2
296	2
287	2
1	2
118	1
19	1
220	1
73	2
78	2
209	2
334	1
222	1
305	2
115	2
253	1
338	2
226	1
282	2
414	2
100	2
232	2
335	2
404	2
249	1
432	2
497	2
153	1
487	2
438	2
250	2
387	2
33	2
69	1
394	2
117	1
178	2
477	2
400	2
158	2
15	1
362	2
185	2
413	2
426	2
81	2
319	2
177	2
351	1
80	2
290	2
56	2
124	2
187	2
229	1
435	2
467	2
455	2
165	2
47	2
261	2
490	2
173	2
326	2
353	1
408	2
259	2
46	2
255	1
349	1
7	2
424	2
489	2
320	2
291	2
447	1
473	2
297	2
488	2
32	1
54	2
483	2
312	2
128	2
39	2
451	2
486	2
221	1
441	2
479	2
284	2
410	2
264	2
136	2
183	2
82	2
148	1
340	1
339	2
270	2
59	2
210	2
41	2
51	2
272	2
99	2
24	2
230	1
266	2
311	2
141	2
246	2
151	1
12	2
13	1
200	2
271	2
392	1
299	2
317	2
263	2
310	2
251	2
431	2
330	2
416	2
461	2
203	2
302	2
463	2
149	1
359	2
107	2
166	2
225	2
239	2
379	2
378	1
224	2
79	2
384	2
450	2
374	2
67	1
327	2
342	2
181	2
215	1
120	1
28	2
213	2
273	2
65	1
205	2
176	1
163	2
199	2
4	2
341	2
154	1
275	2
268	2
202	1
140	2
389	1
223	2
354	1
372	2
308	2
131	2
52	1
323	2
216	1
227	1
496	2
138	2
485	2
456	2
240	1
254	1
175	1
436	2
89	2
161	2
40	2
409	2
53	2
75	2
57	2
256	1
307	2
164	2
44	2
238	1
85	2
139	2
103	2
280	2
446	1
499	2
286	2
449	2
457	2
375	1
132	2
125	2
186	2
366	2
108	2
267	2
371	2
191	2
116	1
126	2
422	2
482	2
365	2
182	2
396	2
17	2
279	2
360	2
453	2
231	1
172	1
498	2
233	1
294	2
357	2
93	2
37	2
257	1
492	2
87	2
262	2
34	2
0	2
367	2
417	2
234	1
193	2
343	2
2	2
347	1
350	1
144	2
484	2
278	2
129	2
83	2
30	2
64	1
443	2
106	2
344	2
383	2
11	1
428	2
130	2
25	2
269	2
143	2
157	2
94	2
188	2
206	2
468	2
127	2
97	2
345	2
109	2
437	2
112	2
101	2
358	2
420	2
134	2
84	2
315	2
325	2
391	2
23	2
377	1
470	2
465	2
159	2
260	2
208	2
356	2
113	2
247	2
55	2
196	2
493	2
370	2
70	2
427	2
442	2
402	2
258	2
331	2
459	2
425	2
168	1
495	2
298	2
61	2
390	2
45	2
368	2
174	1
289	2
190	2
373	1
98	2
184	2
306	2
395	2
430	2
50	2
285	2
393	2
195	2
62	2
156	1
332	2
27	2
135	2
58	2
242	2
476	2
469	2
295	2
147	1
35	1
321	2
382	2
381	2
369	2
122	2
313	2
8	1
385	2
152	1
20	2
398	2
309	2
133	2
119	1
211	2
162	2
460	2
150	2
346	1
137	2
219	1
236	1
189	2
421	1
292	2
419	2
26	2
274	2
92	2
142	2
31	2
440	2
472	2
42	2
480	2
169	1
322	2
411	2
405	2
49	1
170	1
376	1
397	2
88	2
471	2
444	1
412	2
301	2
38	1
415	2
355	1
194	2
464	2
160	2
399	2
448	2
6	2
303	2
336	2
329	2
3	2
328	2
207	2
324	2
288	2
363	2
228	1
316	2
105	2
180	2
314	2
192	2
22	2
433	2
348	1
364	2
77	2
481	2
145	2
244	2
146	2
293	2
439	2
43	2
248	2
111	2
36	2
5	2
474	2
494	2
155	1
86	2
277	2
333	2
60	2
63	1
212	2
445	1
9	2
245	2
406	2
121	2
96	2
403	2
304	2
76	2
201	2
418	2
276	2
29	2
281	2
218	1
198	2
407	2
235	1
352	2
491	2
337	1
452	1
283	2
423	1
10	1
