source	target
444	445
427	429
406	409
214	217
404	407
187	189
19	21
233	94
379	380
268	271
370	372
288	290
54	55
255	256
18	21
278	279
57	59
195	198
61	64
472	475
315	317
252	255
13	14
266	268
282	283
206	209
374	377
473	476
330	465
297	492
296	297
299	301
176	178
342	345
273	276
17	19
81	83
307	310
108	109
37	38
399	442
370	373
301	303
349	351
318	211
49	52
287	377
356	357
332	335
257	259
205	207
9	12
167	170
437	438
488	491
114	117
2	4
129	130
230	232
144	88
146	149
238	240
449	451
133	136
155	158
461	463
36	38
24	27
291	293
304	215
318	321
453	454
286	405
374	375
344	345
149	152
159	186
293	295
377	380
186	187
278	281
41	44
490	491
487	490
274	277
400	403
24	26
243	245
153	155
33	35
56	57
126	127
463	465
142	144
72	73
435	437
191	194
439	213
441	442
204	205
40	42
309	311
485	487
340	343
110	111
429	430
77	78
428	431
143	146
292	183
357	360
159	162
375	377
269	271
104	105
258	254
454	457
46	49
209	211
495	498
412	415
134	136
323	325
126	129
322	325
271	272
85	88
26	29
342	344
100	103
417	418
160	161
459	460
210	213
275	277
139	140
422	425
366	369
464	467
304	307
309	310
74	76
150	151
113	414
244	247
491	494
201	203
300	303
79	82
462	465
335	337
424	426
404	406
338	341
336	337
360	362
317	464
294	278
250	251
390	392
478	270
206	208
410	412
99	100
97	98
82	58
194	197
13	15
248	250
118	120
90	495
386	388
359	362
480	482
495	497
484	487
175	177
224	225
265	266
250	253
423	426
198	199
258	260
336	360
431	432
455	18
227	230
449	450
342	227
115	118
364	366
429	432
80	81
164	167
457	459
471	279
181	184
461	462
448	451
431	433
277	279
245	247
473	475
451	453
374	144
267	268
416	421
335	497
306	309
102	105
486	488
198	200
415	417
314	315
69	72
95	98
232	235
100	101
420	422
457	284
325	328
114	116
27	30
96	98
446	448
18	19
348	350
448	450
368	370
322	323
197	199
436	437
58	59
94	97
400	401
0	498
212	215
316	317
443	446
129	131
259	262
440	441
51	54
190	193
6	7
132	133
158	161
77	80
235	236
108	111
182	467
29	32
28	29
362	363
440	443
2	5
329	332
313	315
427	430
260	263
169	171
388	390
454	455
200	203
356	358
23	25
71	72
386	387
402	405
74	75
65	66
416	417
346	348
198	201
221	224
10	12
381	383
226	229
268	270
363	364
257	258
81	82
46	47
175	176
441	444
39	40
493	495
376	135
149	309
387	390
176	177
382	385
390	393
360	361
84	86
444	446
475	400
418	421
34	36
434	436
256	257
75	78
32	34
213	214
51	53
120	123
474	476
410	411
227	228
383	385
56	59
381	382
66	69
239	242
376	377
7	248
251	395
154	155
124	127
35	21
196	197
471	472
303	305
67	68
249	251
483	484
262	264
120	121
220	221
230	233
10	13
130	133
440	442
128	130
458	460
136	199
483	486
197	198
43	44
194	195
11	12
492	495
298	300
75	76
273	274
473	474
59	60
305	12
353	355
102	103
6	8
19	22
216	97
463	466
452	455
112	114
429	431
157	160
30	31
33	36
290	291
223	225
466	469
308	311
203	206
291	294
418	420
284	396
414	417
415	416
2	3
163	165
35	37
178	181
458	459
44	46
316	319
253	256
38	40
438	440
344	347
187	188
138	139
210	212
403	405
96	97
428	430
395	397
275	278
443	444
281	282
213	215
331	304
17	20
151	153
83	84
447	450
401	402
63	390
261	263
398	400
239	241
426	147
9	10
230	231
217	220
82	83
328	330
435	436
422	423
24	25
324	325
190	21
115	308
450	452
490	493
96	99
59	62
131	132
455	458
60	61
36	39
11	14
460	462
343	345
297	300
200	201
475	476
202	204
222	225
229	232
372	374
119	120
116	119
359	360
465	466
451	454
260	261
319	320
118	119
4	6
241	244
413	414
148	387
105	108
82	84
460	463
127	130
182	185
197	200
177	294
362	364
171	173
245	495
281	186
474	477
112	113
477	480
494	495
189	190
439	464
153	154
369	371
12	14
207	210
176	179
85	86
23	24
101	215
201	249
282	130
199	201
161	163
121	123
479	482
83	467
345	347
399	401
25	27
227	229
5	7
179	182
392	394
320	323
65	50
299	300
195	197
379	382
47	49
497	499
468	469
408	409
188	189
242	244
306	307
270	272
42	44
337	338
224	226
327	330
305	306
451	452
283	285
212	214
78	81
228	498
191	193
358	359
118	121
39	41
278	280
411	412
341	342
109	110
266	269
73	76
75	77
456	459
86	88
68	97
382	383
105	106
25	26
166	168
121	122
84	85
458	461
394	445
47	50
174	175
403	406
125	127
62	64
303	304
121	124
389	272
345	346
158	159
145	77
92	94
208	210
220	222
76	78
250	252
234	237
309	312
388	389
271	273
92	93
415	418
103	106
192	193
270	271
329	22
163	166
138	140
433	255
113	116
31	33
69	71
483	485
222	224
313	314
137	140
169	172
362	240
16	19
493	107
131	133
135	137
253	255
448	449
142	145
107	109
203	205
306	308
233	236
213	54
61	238
276	277
351	265
381	208
99	101
272	274
108	110
14	17
209	212
124	125
45	48
385	386
186	189
141	143
74	77
418	419
202	203
383	384
190	192
290	303
53	331
84	87
394	204
438	219
366	367
413	415
215	217
307	308
128	131
237	238
219	220
137	138
436	438
410	413
237	239
72	75
404	405
432	435
106	107
200	81
41	42
56	58
240	242
495	496
380	383
391	393
419	422
303	306
368	369
386	389
297	298
244	339
425	427
496	499
345	348
289	292
376	378
488	490
449	452
8	9
44	45
109	111
466	468
52	55
426	428
132	135
91	93
218	220
455	457
215	216
79	387
334	335
365	366
471	474
91	92
254	257
26	288
264	392
274	119
358	361
141	142
477	478
192	195
308	309
217	219
15	16
301	214
116	117
334	337
246	248
246	249
377	378
49	51
139	142
89	92
29	31
367	368
443	445
173	175
478	479
71	73
355	44
294	297
80	82
9	107
318	319
174	177
131	134
304	306
87	90
447	449
71	74
357	358
76	77
497	498
323	326
55	58
406	407
350	353
165	168
63	326
398	399
482	483
178	180
364	365
219	221
462	464
380	381
259	260
285	288
279	280
93	95
61	387
328	331
274	275
168	171
324	327
117	118
111	113
450	451
70	71
238	239
419	421
94	96
490	492
28	30
162	164
39	42
180	182
22	23
232	234
47	48
280	281
63	116
480	483
302	303
295	298
67	69
14	15
31	34
319	322
239	240
95	97
22	25
445	448
266	267
165	166
126	128
188	190
188	191
435	20
26	27
414	415
307	309
212	213
60	62
205	133
112	115
103	104
236	239
77	79
269	272
339	341
355	358
294	295
157	379
403	404
296	299
21	4
49	50
373	129
60	63
299	302
470	473
0	1
100	102
88	89
348	351
105	107
119	122
456	457
469	471
353	356
11	13
453	455
217	131
279	282
135	136
206	207
405	190
15	18
291	292
409	412
51	52
156	158
487	259
396	399
328	329
442	444
265	268
148	151
143	145
365	368
179	180
407	408
264	266
463	464
184	186
343	344
111	114
127	129
351	353
238	241
208	209
262	265
252	253
283	284
312	313
168	170
346	347
92	95
228	229
33	34
69	70
21	23
434	17
162	165
231	234
256	259
253	254
160	162
488	489
321	324
218	219
191	192
172	174
134	135
333	336
358	142
130	132
407	409
62	65
111	112
102	104
172	175
113	392
164	165
379	381
313	316
32	35
352	355
272	275
40	43
147	149
347	349
498	439
23	26
107	309
150	153
12	15
52	53
62	399
149	151
242	245
20	22
50	53
417	419
184	187
442	443
150	152
382	384
195	196
353	354
123	126
447	448
52	54
185	186
462	463
59	61
93	96
181	182
48	51
375	378
64	67
269	270
247	250
158	160
18	20
430	433
393	418
412	414
469	472
259	261
317	318
50	51
136	137
302	305
183	184
446	449
152	153
485	488
263	264
199	200
315	316
64	66
363	365
242	248
79	81
260	262
22	24
412	413
457	460
138	141
365	234
139	141
177	269
325	327
280	283
186	188
70	73
153	156
336	339
101	104
243	244
408	410
122	461
215	456
137	139
486	65
484	486
392	393
237	240
225	327
324	326
207	208
34	188
292	295
267	269
236	238
408	411
214	216
228	231
486	487
420	421
234	236
472	473
173	176
155	156
218	221
371	373
156	159
409	411
317	319
439	442
311	312
231	232
208	211
492	493
10	11
31	32
286	288
384	387
235	237
405	469
244	431
295	297
202	205
37	40
132	134
73	74
7	8
375	376
268	269
44	47
151	154
360	363
117	120
1	498
335	338
46	48
326	329
494	497
66	68
249	250
350	351
257	260
396	397
183	186
19	20
476	478
246	247
123	124
247	248
348	349
372	168
281	284
93	94
183	185
171	172
98	99
357	359
98	100
234	235
367	370
4	5
262	263
312	314
17	18
16	17
122	124
58	61
332	334
243	246
354	356
144	432
223	224
223	226
211	80
220	223
407	410
165	167
14	16
146	148
394	397
491	493
391	394
193	196
171	53
400	487
283	246
256	258
157	159
32	33
390	391
55	57
48	50
54	56
143	144
224	227
468	471
78	79
467	460
267	270
0	3
369	370
359	191
86	87
58	60
310	311
414	416
167	169
263	265
319	321
221	222
346	349
494	496
312	315
468	470
275	276
110	112
366	368
50	52
397	400
397	398
496	497
36	37
160	163
48	49
89	91
142	143
30	33
203	204
214	144
72	74
354	357
282	285
352	71
391	392
280	282
361	362
196	199
398	401
57	160
461	464
152	279
361	363
372	373
491	106
285	286
351	352
314	316
377	379
264	191
320	321
261	264
8	154
1	2
15	17
298	194
331	332
205	206
104	106
467	141
384	385
189	192
401	403
97	99
83	86
147	150
174	176
476	477
42	43
20	493
272	273
1	3
168	169
364	367
135	138
65	68
279	245
53	54
399	402
155	157
163	164
325	111
352	353
393	395
193	179
492	494
469	470
170	171
452	453
122	123
290	293
315	318
67	70
145	148
378	381
338	339
254	255
478	481
270	273
487	488
395	396
424	425
337	339
80	83
128	129
337	340
489	492
370	371
64	65
27	29
432	434
361	364
216	218
221	223
396	260
166	167
2	499
334	336
310	313
421	422
252	254
154	156
389	390
170	172
387	389
344	346
187	190
479	481
385	387
350	352
148	149
331	334
173	153
380	382
90	93
152	154
78	80
53	55
263	266
254	256
445	447
276	410
42	45
35	36
162	163
12	13
166	169
322	324
277	280
446	447
241	242
95	96
123	67
285	287
209	147
156	157
411	414
232	233
302	39
117	119
423	419
66	67
193	194
45	46
402	404
433	320
476	479
474	475
184	185
343	346
125	128
340	342
231	233
430	431
133	134
170	173
172	232
437	440
378	380
0	2
436	439
326	328
109	112
94	95
38	39
225	226
456	458
330	332
339	340
204	206
300	302
107	108
284	285
129	132
387	388
459	461
422	424
273	275
185	188
466	467
207	209
368	371
480	481
277	278
110	113
98	101
251	252
311	281
40	41
104	107
30	32
103	105
421	424
419	420
373	376
265	267
311	313
179	382
425	426
392	473
470	472
417	420
472	474
293	296
164	166
140	142
97	100
320	322
6	9
453	456
416	233
167	168
450	453
383	386
28	31
464	466
284	287
25	421
427	428
16	18
373	387
226	227
287	288
175	178
192	194
477	479
199	36
349	352
185	187
341	343
189	191
235	238
211	212
119	121
341	344
68	71
229	231
86	89
134	137
204	207
240	241
371	372
409	410
424	427
482	485
43	46
1	4
147	148
146	147
169	170
289	290
140	141
496	498
70	72
27	28
388	391
332	333
489	490
481	482
493	496
395	398
8	11
236	237
295	296
133	470
452	454
340	341
196	198
349	350
327	329
73	75
151	152
445	446
85	87
144	147
430	432
484	485
251	253
0	499
219	222
433	436
402	403
363	366
431	434
296	298
292	294
43	45
310	312
120	122
20	21
378	379
421	423
7	60
37	157
245	248
411	413
308	310
216	217
385	388
57	60
314	317
136	339
276	279
141	144
384	386
465	467
5	8
4	7
401	404
316	318
481	484
286	287
465	468
298	299
481	221
479	480
489	491
369	372
323	324
178	179
397	399
180	181
454	456
182	184
247	249
293	136
354	355
88	91
329	5
201	202
124	126
210	211
241	243
87	89
1	499
99	102
106	109
464	465
426	429
393	394
356	359
90	92
261	262
467	469
327	328
13	16
87	391
389	391
305	308
437	439
338	340
21	24
159	161
413	416
347	350
248	251
81	84
288	291
255	257
145	146
38	41
442	445
460	259
339	130
300	301
444	447
371	374
459	462
326	327
333	334
161	162
55	464
181	183
154	157
406	408
432	433
271	274
222	223
180	183
225	228
29	403
34	35
405	283
485	486
101	103
321	323
106	108
3	5
45	47
130	131
161	164
127	128
347	348
420	423
255	258
125	126
425	428
367	369
3	6
470	471
438	441
482	484
194	78
434	435
0	497
5	6
76	79
3	4
249	252
226	228
258	259
330	333
301	304
475	478
333	335
240	359
428	429
41	43
423	424
88	90
233	234
289	291
54	57
115	117
177	179
287	289
116	118
114	115
229	230
441	443
140	143
89	90
248	249
211	241
355	357
68	70
321	322
91	94
288	289
