id	status
185	2
368	2
149	2
286	2
360	2
224	2
113	1
76	2
172	2
421	1
436	1
454	1
309	2
241	2
189	2
202	1
218	2
351	2
56	2
328	2
348	2
483	2
229	2
261	2
3	2
17	2
414	1
116	2
443	1
408	1
422	1
152	2
262	2
356	2
472	2
387	2
474	2
264	2
316	2
399	1
397	1
267	2
16	2
55	2
346	2
236	2
130	2
100	1
74	2
220	2
297	2
50	2
87	2
217	2
325	1
271	2
497	2
437	1
380	2
153	2
392	2
31	1
20	2
395	1
63	2
49	2
333	2
161	2
124	2
2	2
332	2
298	2
477	2
159	2
197	2
338	2
82	2
79	2
203	1
390	2
461	2
145	2
133	2
69	2
155	2
198	2
329	2
493	2
0	2
386	2
247	2
405	2
80	2
371	2
151	2
428	1
221	2
331	2
310	2
154	2
135	2
442	1
209	2
304	2
353	2
110	1
367	2
482	2
491	2
403	1
173	2
92	2
292	2
253	2
234	2
47	2
276	2
169	2
307	2
355	2
388	2
32	1
62	2
64	2
227	2
90	2
252	2
381	2
450	1
340	2
470	2
258	2
426	1
285	2
401	1
453	1
36	1
60	2
156	2
398	1
389	2
70	2
91	2
449	1
128	2
86	2
484	2
179	2
214	2
260	2
288	2
373	2
350	2
407	1
354	2
39	2
34	1
196	2
445	1
469	2
206	1
174	2
219	2
370	2
37	1
72	2
248	2
293	2
394	1
35	1
235	2
473	2
385	2
190	2
456	2
413	1
48	2
171	2
230	2
22	2
84	2
57	2
458	2
140	2
343	2
364	2
160	2
46	2
51	2
365	2
289	2
320	1
379	2
375	2
366	2
499	2
295	2
463	2
41	2
13	2
451	1
294	2
40	2
207	1
273	2
77	2
377	2
200	2
284	2
444	1
290	2
53	2
167	2
11	2
249	2
465	2
65	2
117	2
30	1
418	1
112	1
123	2
24	2
439	1
212	2
352	2
103	1
462	2
396	1
147	2
106	1
118	2
242	2
270	2
495	2
141	2
468	2
432	1
223	2
38	2
471	2
277	2
250	2
274	2
191	2
455	1
467	2
496	2
314	2
240	2
222	2
170	2
441	1
228	2
137	2
33	1
417	1
108	1
339	2
466	2
404	1
251	2
125	2
434	1
318	2
378	2
94	2
480	2
73	2
427	1
148	2
121	2
157	2
410	1
429	1
52	2
131	2
85	2
459	2
232	2
479	2
168	2
216	2
183	2
376	2
68	2
239	2
330	2
23	2
374	2
344	2
393	1
268	2
199	2
391	2
83	2
59	2
259	2
67	2
42	2
96	2
412	1
126	2
226	2
26	2
254	2
237	2
6	2
1	2
66	2
178	2
19	2
150	2
75	2
243	2
144	2
215	2
162	2
180	2
10	2
146	2
14	2
256	2
279	2
324	1
402	1
187	2
127	2
97	2
134	2
464	2
478	2
158	2
300	2
323	1
45	2
18	2
15	2
192	2
475	2
164	2
313	2
291	2
372	2
336	2
494	2
107	2
211	2
492	2
308	2
176	2
283	2
9	2
93	2
476	2
165	2
193	2
303	2
448	1
136	2
438	1
311	2
61	2
327	2
88	2
89	2
139	2
245	2
457	2
265	2
460	2
208	2
163	2
326	2
296	2
263	2
201	2
138	2
29	1
205	1
21	2
225	2
58	2
122	2
306	2
345	2
210	2
255	2
490	2
280	2
424	1
423	1
114	2
71	2
384	2
4	2
319	1
7	2
302	2
182	2
341	2
281	2
337	2
489	2
452	1
184	2
99	1
347	2
287	2
431	1
383	2
115	2
43	2
272	2
81	2
301	2
446	1
369	2
109	1
166	2
342	2
257	2
322	1
27	2
406	1
361	2
486	2
119	2
481	2
5	2
8	2
186	2
12	2
28	1
487	2
25	2
411	1
111	1
266	2
312	2
420	1
382	2
98	1
78	2
181	2
305	2
335	2
447	1
415	1
244	2
204	1
317	2
120	2
101	1
400	1
188	2
213	2
275	2
177	2
409	1
363	2
416	1
440	1
357	2
129	2
358	2
430	1
315	2
498	2
238	2
132	2
95	2
269	2
419	1
485	2
278	2
488	2
105	1
435	1
299	2
231	2
233	2
194	2
54	2
321	1
143	2
102	1
142	2
359	2
175	2
104	1
195	2
362	2
433	1
282	2
349	2
44	2
334	2
246	2
425	1
