source	target
323	326
111	112
275	277
280	33
9	13
165	166
221	473
266	269
84	246
174	176
92	93
136	411
315	32
151	131
270	492
122	23
162	165
178	180
432	469
103	104
271	272
436	439
370	371
192	194
437	375
72	75
299	32
97	117
204	205
0	469
407	53
323	89
445	448
267	268
409	410
424	326
101	104
153	156
433	4
385	386
25	27
11	12
259	174
126	129
369	393
349	174
43	44
30	31
52	53
466	467
457	460
187	190
398	399
215	216
393	284
349	351
46	47
39	360
79	397
451	216
207	152
247	235
82	84
225	186
412	268
314	42
384	385
171	172
206	490
339	287
377	125
97	473
139	142
428	431
49	52
378	18
409	394
22	24
359	362
459	75
78	166
438	439
100	102
195	326
6	8
237	238
154	483
325	327
424	426
287	62
105	202
8	152
40	41
254	255
271	274
231	233
105	108
472	114
230	367
439	440
476	369
474	475
167	169
219	220
244	371
467	356
238	241
99	236
23	315
229	71
206	381
313	315
355	357
207	396
340	462
319	320
327	404
300	352
68	353
201	202
149	15
205	207
200	477
352	225
462	199
190	448
197	198
225	482
159	461
231	234
368	306
235	236
256	259
301	24
463	241
75	486
200	202
306	309
444	446
282	285
256	257
376	379
312	447
391	394
381	382
120	122
71	74
161	163
463	465
9	12
258	165
452	281
278	187
301	304
215	202
434	436
327	329
489	490
124	125
345	347
487	245
191	281
326	327
11	325
450	333
427	430
353	356
22	492
430	432
141	144
347	350
51	198
405	323
236	237
382	385
94	97
50	187
311	314
210	212
37	124
321	176
413	196
170	173
222	223
10	13
87	364
395	434
284	97
448	451
483	243
199	203
348	383
482	441
10	198
426	429
89	92
264	267
93	96
166	0
272	152
292	355
246	78
280	376
25	28
156	157
473	138
469	471
356	309
268	441
336	338
306	317
479	480
376	26
482	19
459	215
28	30
49	50
55	56
182	155
131	133
23	468
496	499
5	6
469	472
372	64
228	141
337	338
454	88
241	34
5	161
226	227
215	381
491	494
324	325
105	451
480	317
65	68
157	158
488	441
352	418
445	290
495	497
229	274
350	352
292	295
335	338
282	284
269	271
66	349
48	150
72	127
242	245
135	257
53	55
277	280
173	201
416	273
123	124
40	43
164	167
81	144
17	88
468	471
338	339
284	285
329	307
413	152
119	84
245	81
145	243
346	366
181	422
246	361
340	343
282	387
299	72
90	227
357	113
422	40
370	373
224	38
202	220
306	308
123	125
279	282
316	202
277	279
192	115
136	137
25	260
493	135
254	16
401	404
21	22
487	488
92	94
367	369
199	202
145	148
379	381
148	149
484	405
127	128
336	339
24	27
172	7
420	479
354	357
380	381
263	145
83	39
68	200
364	82
194	197
486	488
169	171
186	189
419	88
369	371
236	472
278	159
128	120
425	170
8	11
137	309
409	483
195	143
325	328
459	462
54	55
366	312
98	322
178	181
186	188
425	464
363	364
100	101
314	317
458	340
403	405
423	357
311	313
59	62
460	262
453	192
477	129
55	191
493	180
174	416
119	487
83	85
142	32
208	88
34	36
303	138
124	316
404	165
291	294
468	408
431	283
336	357
177	179
392	397
44	377
332	333
297	299
423	394
329	332
157	160
446	208
217	8
481	482
485	290
359	329
61	308
486	168
29	23
50	373
114	115
116	286
95	67
361	68
46	376
224	227
331	333
318	320
77	195
326	98
220	222
84	389
161	162
460	8
67	469
200	59
346	349
73	332
431	433
387	388
463	109
35	4
27	29
490	492
400	382
71	112
432	433
127	258
100	277
177	436
196	315
395	31
239	242
462	92
96	98
1	499
421	12
428	430
371	373
65	367
98	101
126	127
15	17
13	14
255	257
348	349
139	9
223	358
138	139
309	311
64	486
52	22
357	358
496	295
94	95
67	70
185	205
443	15
374	375
390	392
85	87
49	51
180	299
51	352
357	155
95	98
17	20
179	292
376	377
167	354
168	159
76	77
91	94
195	197
174	358
355	279
397	248
364	366
19	22
304	306
278	279
4	477
138	141
218	89
233	235
120	123
227	166
201	203
38	157
218	55
347	349
179	182
344	79
335	160
87	90
254	256
434	437
307	309
106	133
83	364
5	7
447	449
163	164
421	20
152	165
240	467
247	441
432	434
1	3
62	65
140	247
233	268
359	381
231	24
353	352
418	419
45	47
191	169
302	43
175	214
28	274
140	223
70	72
227	61
300	301
21	24
155	156
476	477
18	19
199	201
414	416
132	89
78	433
417	68
54	56
286	8
41	56
258	167
116	119
113	210
347	17
131	132
276	496
361	316
284	286
312	313
88	90
290	372
34	37
410	412
165	327
430	433
142	321
171	452
32	124
415	367
189	354
494	495
52	194
118	121
209	211
34	35
168	145
0	181
69	71
66	67
204	260
53	126
386	390
108	52
421	422
27	30
492	494
298	495
39	40
212	359
124	454
379	359
149	234
248	13
99	102
202	205
130	131
475	477
498	70
224	414
23	177
241	286
489	220
285	325
404	406
4	7
331	39
20	22
345	186
281	283
21	249
37	40
378	425
446	247
115	450
279	281
86	89
411	155
272	400
491	492
383	261
309	312
203	205
471	186
133	135
16	274
443	446
494	179
313	314
294	458
33	35
344	20
426	306
435	437
307	308
133	136
7	228
107	110
261	333
300	302
2	4
59	81
189	450
491	493
86	456
256	393
277	278
317	126
232	55
125	160
287	290
264	266
322	234
395	426
283	284
193	195
449	450
63	442
27	192
325	36
384	387
271	476
482	485
339	142
188	427
129	384
449	451
362	365
316	210
31	187
322	325
29	30
114	117
428	429
351	354
111	113
417	419
368	369
151	152
424	238
252	325
399	400
255	256
373	375
89	90
204	206
487	490
238	66
434	408
402	404
24	171
333	120
142	145
143	144
167	145
273	275
36	37
289	84
427	411
497	498
386	438
334	451
449	40
413	369
473	475
255	52
69	72
374	376
220	119
1	328
408	411
214	216
71	72
28	29
228	12
146	498
343	346
253	255
393	395
220	221
286	51
488	132
62	63
494	497
270	254
335	337
260	262
483	207
429	431
410	280
39	73
448	264
497	435
302	65
276	278
356	358
155	157
175	177
213	105
77	315
433	435
170	172
221	222
13	15
6	52
134	136
50	131
466	469
315	318
159	313
184	185
58	61
210	275
481	62
442	238
135	340
128	131
352	189
298	374
176	178
208	230
198	200
72	14
47	199
73	241
216	217
461	134
294	192
229	28
152	268
342	343
61	63
162	164
341	35
119	45
75	78
3	489
3	197
228	110
65	35
203	206
108	110
218	75
144	277
323	422
309	475
419	420
213	127
205	86
166	167
235	238
60	73
190	192
405	203
193	194
474	467
345	428
418	420
206	360
244	3
295	252
146	24
479	482
160	207
375	218
196	197
367	368
303	333
444	393
453	97
38	266
471	474
245	246
2	480
281	44
289	156
472	474
172	357
214	215
365	368
250	251
464	338
475	178
349	352
393	2
447	316
455	456
414	415
214	68
465	468
31	33
233	362
311	469
187	189
324	195
480	484
198	98
344	245
422	425
293	294
338	341
45	46
162	163
194	178
269	132
381	341
455	458
262	263
132	286
343	492
415	69
75	77
173	149
19	20
354	17
160	163
249	457
476	490
80	83
8	9
180	181
247	250
104	106
148	150
471	171
35	311
448	325
420	288
166	405
286	255
153	154
0	243
474	118
56	59
217	322
201	383
113	331
384	386
371	223
408	471
341	471
57	15
141	40
41	44
0	267
1	342
490	42
252	204
230	231
137	471
351	214
63	389
158	248
273	64
435	29
492	418
26	29
236	407
446	34
303	306
73	75
89	187
7	9
452	4
69	70
422	424
60	62
210	211
43	46
169	170
193	196
249	250
369	457
496	497
433	436
243	246
419	421
185	263
288	397
211	480
465	300
118	440
137	215
452	221
456	459
313	316
81	82
416	475
338	340
46	49
96	392
91	93
426	157
469	107
20	21
400	174
358	360
416	347
360	65
346	129
272	273
238	180
54	57
4	226
462	385
314	359
123	451
290	291
412	415
155	158
319	322
140	262
251	116
343	344
212	321
48	50
226	228
243	369
382	383
296	34
211	213
318	299
242	356
156	159
270	459
308	310
387	475
354	355
12	497
435	438
107	50
163	13
208	37
334	182
299	458
151	393
295	493
139	141
144	423
304	307
411	412
460	13
95	244
241	39
33	36
380	383
288	290
134	135
391	71
35	157
88	249
248	459
147	85
439	441
305	306
110	113
367	54
125	126
382	384
316	318
113	115
368	370
70	71
450	457
374	377
45	26
109	7
126	247
322	13
267	270
305	308
328	327
207	209
360	343
56	165
165	388
209	12
388	390
281	282
205	339
237	94
240	474
291	286
131	171
441	241
101	352
176	52
212	334
358	197
485	488
15	287
133	64
164	166
332	355
14	15
232	233
136	317
473	476
223	224
232	235
467	279
391	392
110	111
80	81
372	375
273	274
470	333
378	121
19	21
406	264
146	337
108	109
302	303
178	179
372	214
386	43
161	93
257	290
130	132
253	256
485	296
264	265
493	494
356	304
436	437
484	486
18	21
177	348
279	233
114	104
250	253
188	496
120	121
385	430
415	417
266	69
257	86
17	485
331	332
431	93
117	118
381	263
304	305
198	201
42	45
387	390
90	91
16	50
259	260
60	402
348	236
36	25
121	122
486	487
437	438
365	366
190	125
164	165
265	267
451	456
324	255
135	439
417	114
163	287
194	228
297	135
455	475
310	313
91	109
366	431
104	455
159	162
457	169
261	49
117	119
32	35
425	426
109	189
62	69
390	393
389	198
430	431
171	173
6	9
262	265
294	295
293	295
296	0
392	394
186	48
405	470
209	310
1	498
251	252
364	269
287	289
176	179
257	259
93	94
320	116
470	499
351	246
358	359
397	163
57	268
261	435
402	328
158	159
216	218
461	154
274	116
12	383
396	399
227	229
468	398
361	194
86	87
64	475
56	69
103	166
18	42
152	1
222	272
296	297
59	61
93	252
330	49
289	292
484	495
44	47
399	401
464	465
388	391
365	367
138	319
297	283
445	93
111	161
187	188
495	498
37	285
275	276
268	214
234	236
115	412
477	479
332	15
10	58
291	293
320	322
24	26
129	427
260	324
234	235
266	268
328	331
112	115
156	383
117	120
400	401
230	233
148	151
377	483
104	421
283	286
240	243
397	442
375	378
44	46
406	407
276	279
175	158
143	163
418	363
407	211
213	224
160	161
479	485
371	425
150	153
259	236
489	319
457	459
82	89
396	397
58	60
450	67
379	219
363	171
342	344
110	112
341	138
438	486
181	184
99	249
401	178
13	16
42	486
308	144
2	58
269	272
439	442
394	342
321	344
298	301
403	404
373	374
370	372
64	261
441	39
80	82
48	496
107	342
22	23
127	130
225	227
29	31
79	378
470	473
467	470
109	402
2	223
180	129
132	124
98	245
333	334
461	463
121	123
182	201
217	460
226	229
235	237
478	457
74	489
274	171
26	27
283	285
355	358
82	83
169	172
33	482
103	106
189	365
488	169
329	360
265	266
150	36
265	147
443	358
147	149
414	285
454	85
407	410
102	103
396	422
362	267
318	319
3	37
442	443
315	317
362	441
68	171
307	13
308	345
219	76
321	323
197	298
401	403
79	8
312	315
320	38
427	429
437	105
154	44
337	371
134	408
475	356
350	351
477	478
63	65
106	239
181	182
406	408
388	362
183	185
168	374
88	91
275	281
373	376
81	84
85	88
237	240
442	444
330	409
423	425
458	86
101	102
31	32
0	142
377	380
267	269
239	8
244	7
305	307
403	496
61	235
74	362
429	430
249	171
239	315
451	453
30	447
43	45
319	405
42	44
288	76
333	469
154	292
392	395
458	88
440	24
383	287
447	450
285	286
66	143
85	139
251	50
252	162
353	296
263	36
394	325
444	257
76	64
385	387
390	391
84	452
292	293
478	397
191	193
408	410
92	95
223	226
245	247
47	49
465	4
429	484
130	477
41	42
326	329
466	448
197	454
380	382
334	261
260	261
301	9
170	245
96	99
16	19
262	320
274	276
317	320
404	407
102	492
179	246
290	157
310	265
112	114
211	212
94	311
14	27
360	228
478	479
116	224
38	39
173	174
383	244
15	247
172	175
438	489
182	184
454	170
375	377
36	185
441	380
327	58
222	312
219	221
293	296
76	78
87	271
440	316
389	228
67	388
402	357
102	260
78	81
143	146
495	496
250	252
411	414
216	144
106	108
20	23
188	71
464	42
258	3
32	359
481	194
410	476
483	486
112	444
253	254
248	249
128	73
157	159
363	366
394	54
398	284
436	438
440	442
420	100
285	288
118	76
202	203
234	237
350	276
55	58
492	191
339	247
310	311
145	146
183	467
147	474
90	285
97	190
398	401
456	55
196	198
74	123
268	269
366	270
280	401
14	323
57	59
242	332
51	52
115	0
330	186
480	481
328	330
122	123
77	78
412	414
150	351
456	457
26	28
153	69
58	59
47	2
12	48
243	245
342	141
317	318
453	296
149	250
192	5
263	266
158	461
125	314
340	11
389	103
203	118
472	362
141	143
246	275
122	125
9	11
184	52
121	149
221	339
399	183
7	98
490	493
30	387
129	131
53	440
185	188
11	14
0	277
295	348
337	340
70	471
183	48
144	146
40	65
184	186
