id	status
71	2
385	2
79	2
172	2
109	2
21	2
439	2
471	2
202	2
242	2
222	2
463	2
248	1
480	2
77	2
483	1
459	2
323	2
406	2
19	2
219	1
257	1
53	1
119	2
95	2
23	2
366	2
115	2
209	2
246	2
73	1
100	2
184	2
176	2
270	2
393	2
467	1
96	2
26	2
107	1
3	2
434	2
391	2
305	2
76	2
2	2
128	2
301	1
292	2
6	1
123	2
24	2
225	1
78	2
83	2
214	2
339	1
227	2
310	2
120	2
258	1
343	1
231	2
287	2
419	1
105	2
237	2
340	2
409	2
1	2
254	1
437	1
158	2
492	2
443	2
255	2
392	1
38	2
74	2
399	2
122	2
4	2
183	2
482	2
405	2
163	1
20	2
367	1
190	2
418	2
431	1
86	2
324	2
182	2
0	2
356	2
85	2
295	2
61	2
129	1
192	2
234	2
440	2
472	1
460	2
170	2
52	2
266	2
495	2
178	2
331	2
358	2
413	2
264	2
51	1
260	2
354	1
12	2
429	2
494	2
325	2
296	2
452	2
478	2
302	2
493	2
37	2
59	1
488	2
317	2
133	2
44	1
456	2
491	1
226	2
446	2
484	2
289	2
415	2
269	1
141	2
188	1
87	2
153	2
345	1
344	1
275	2
64	2
215	2
46	2
56	2
277	1
104	2
29	2
235	2
271	1
316	2
146	2
251	2
156	2
17	2
18	2
205	2
276	2
397	2
304	2
322	2
268	1
315	1
256	2
436	2
335	2
421	2
466	2
208	1
307	2
468	2
154	1
364	2
112	2
171	2
230	2
244	2
384	2
383	2
229	2
389	2
84	2
455	2
379	2
72	2
332	2
347	1
186	2
220	2
125	2
33	2
218	2
278	2
70	2
210	2
181	1
168	2
204	2
9	2
346	2
159	2
280	2
273	2
207	2
145	2
394	2
228	2
359	2
377	2
313	1
136	2
57	2
328	2
221	2
232	1
143	2
490	2
461	1
245	2
259	2
180	2
441	2
94	2
166	2
45	1
414	1
58	2
80	2
62	1
261	2
312	2
169	2
49	2
243	2
90	1
144	2
108	2
285	2
451	1
291	1
454	1
462	1
380	2
137	2
130	2
191	2
371	2
113	2
272	1
376	2
196	2
121	2
131	2
427	2
487	2
370	2
187	1
401	1
22	2
284	1
365	2
458	1
236	2
177	2
238	2
299	1
362	2
98	2
42	2
262	2
497	2
92	2
267	2
39	2
5	2
372	2
422	2
239	2
198	1
348	1
7	2
352	2
355	2
149	2
489	2
283	2
134	2
88	2
35	2
69	2
448	1
111	1
349	2
388	1
16	2
433	2
135	2
30	2
274	2
148	2
162	2
99	2
193	2
211	2
473	1
132	2
102	1
350	2
114	2
442	1
117	2
106	2
363	1
425	1
139	2
89	1
320	1
330	2
396	2
28	2
382	2
475	2
470	2
164	2
265	2
213	1
361	2
118	2
252	2
60	2
201	2
498	2
375	2
75	2
432	2
447	2
407	2
263	2
336	1
464	2
430	2
173	2
303	2
66	2
395	2
50	2
373	2
179	2
294	1
195	2
378	2
103	1
189	2
311	2
400	2
435	2
55	2
290	2
398	2
200	1
67	2
161	2
337	1
32	2
140	2
63	2
247	2
481	2
474	2
300	2
152	2
40	2
326	2
387	1
386	2
374	2
127	2
318	2
13	2
390	2
157	2
25	2
403	1
314	2
138	2
124	2
216	1
167	2
465	1
155	2
351	2
142	2
224	2
241	2
194	1
426	2
297	2
424	2
31	2
279	1
97	1
147	2
36	1
445	1
477	2
47	2
485	2
174	2
327	2
416	2
410	2
54	2
175	2
381	2
402	2
93	2
476	2
449	1
417	2
306	2
43	2
420	2
360	2
199	1
469	2
165	2
404	2
453	2
11	1
308	2
341	2
334	2
8	1
333	2
212	2
329	2
293	2
368	2
233	1
321	2
110	2
185	2
319	2
197	2
27	2
438	2
353	2
369	2
82	2
486	2
150	2
249	2
151	2
298	2
444	1
48	1
253	2
116	2
41	2
10	2
479	2
499	2
160	2
91	1
282	2
338	2
65	2
68	1
217	2
450	1
14	2
250	2
411	2
126	2
101	2
408	1
309	2
81	2
206	2
423	1
281	1
34	2
286	2
223	1
203	1
412	2
240	2
357	2
496	2
342	2
457	2
288	1
428	2
15	2
