source	target
477	353
74	140
11	366
463	208
17	227
208	285
279	440
272	476
325	493
165	158
234	419
204	492
202	275
239	417
148	104
314	467
494	435
205	257
404	158
498	80
252	75
243	90
392	198
341	254
109	320
5	230
485	363
27	468
103	436
312	394
179	397
264	258
358	349
193	173
328	387
175	316
5	487
455	284
369	496
120	320
312	130
283	64
299	159
160	480
183	231
415	234
482	192
151	54
121	280
302	402
130	463
266	52
329	167
259	496
303	367
324	136
4	373
91	111
229	138
171	275
276	180
468	311
14	358
176	58
392	290
74	490
93	19
109	397
218	136
412	197
77	81
10	446
195	27
242	105
171	196
326	477
109	431
430	314
200	433
348	367
70	457
186	141
30	486
20	486
418	296
124	139
130	9
133	1
238	395
121	256
212	395
479	455
94	411
389	211
406	473
406	95
190	471
319	128
242	129
462	332
261	495
280	490
208	270
259	55
324	82
47	437
153	193
251	13
71	346
218	208
483	424
219	373
97	476
122	210
34	394
242	329
441	27
186	112
485	346
134	220
48	182
202	403
350	386
278	138
212	12
219	429
390	340
67	438
121	29
470	481
327	154
44	381
100	353
110	228
119	477
426	29
316	35
497	99
359	411
135	489
108	12
68	364
310	26
362	162
10	285
445	238
94	262
264	208
468	361
274	235
388	178
351	247
6	337
249	448
28	457
11	489
416	291
222	148
352	268
26	19
312	339
32	117
210	243
409	261
341	427
172	263
348	273
192	167
295	257
35	20
362	18
354	331
23	246
392	489
264	343
44	156
217	428
431	473
351	183
152	102
411	136
42	62
341	126
396	354
253	55
38	67
347	99
350	495
448	382
240	365
359	178
153	428
483	494
102	163
194	346
33	400
431	138
452	355
72	81
229	182
147	341
316	48
14	395
409	61
480	305
260	225
263	301
173	337
406	438
489	132
364	275
448	49
111	465
233	451
44	187
63	237
36	403
266	417
470	427
441	360
46	188
85	414
272	221
293	188
265	66
0	89
148	255
151	40
120	209
377	103
300	79
354	461
405	188
140	469
260	263
451	311
26	369
83	66
318	298
273	105
98	236
61	167
185	319
173	478
122	246
200	487
57	269
217	446
238	56
140	162
352	391
446	457
143	402
131	462
163	442
202	18
185	1
176	284
390	198
492	486
165	62
329	110
41	300
393	178
409	289
151	88
272	288
464	165
382	422
321	170
160	364
431	300
317	439
462	40
303	499
496	3
339	170
409	59
333	481
229	154
304	290
379	178
108	96
339	219
76	320
458	395
150	16
327	20
133	461
408	281
464	449
435	56
80	29
485	349
293	273
98	304
362	84
282	44
151	498
86	16
30	144
333	384
190	13
106	186
498	291
434	218
39	53
293	216
494	429
46	82
217	218
72	459
377	294
157	213
24	172
129	336
119	376
322	136
277	200
38	165
14	306
308	255
89	213
330	184
267	387
292	156
211	352
315	146
10	228
328	1
116	220
148	365
442	460
212	421
113	155
324	381
133	331
223	463
11	137
39	95
374	403
159	232
65	346
196	488
330	454
100	189
195	26
8	456
88	250
372	199
9	123
314	298
299	253
106	204
21	234
145	349
350	467
442	174
430	262
63	231
169	447
338	49
360	286
46	236
166	20
229	125
63	233
49	439
175	437
277	95
359	80
17	337
405	497
97	110
334	395
57	342
372	155
33	471
119	284
418	240
309	40
193	346
109	456
360	456
382	213
107	288
223	191
390	334
373	13
253	224
482	271
339	281
188	363
415	117
147	31
242	247
239	434
420	138
275	371
361	481
147	200
388	432
88	1
287	443
268	412
347	125
106	288
215	58
311	284
326	355
103	26
8	258
78	429
243	485
153	342
58	50
42	248
244	486
181	12
279	336
86	443
484	59
58	141
34	79
6	349
472	311
332	333
271	236
34	289
344	297
370	217
333	142
312	3
367	31
253	385
352	102
52	81
274	198
408	93
381	227
200	344
98	280
237	479
389	2
186	161
259	13
318	102
54	164
401	323
380	438
398	409
458	499
173	84
60	363
58	9
185	256
72	417
203	379
36	353
466	120
179	235
142	112
333	454
256	154
161	206
176	143
1	432
172	436
483	396
338	479
344	321
489	491
412	65
70	167
111	404
159	427
154	192
416	286
199	358
380	499
101	59
458	342
30	257
25	265
263	231
6	371
408	251
37	323
386	285
494	256
382	184
74	21
480	141
177	41
351	278
345	386
266	429
477	90
94	394
72	403
21	142
78	191
415	463
308	37
319	207
462	302
176	212
210	241
70	99
43	439
303	164
233	150
382	115
116	218
203	230
408	487
277	237
194	331
185	474
31	381
8	363
252	491
338	314
368	206
474	118
68	214
459	436
321	155
28	320
110	80
423	410
276	374
47	82
328	340
226	453
426	1
309	433
332	43
291	155
351	246
466	277
133	496
211	0
175	356
292	2
135	2
474	162
373	403
183	410
209	495
228	196
435	354
276	181
252	51
198	337
168	40
53	82
153	216
325	420
193	107
216	437
21	444
120	419
103	420
219	261
125	224
358	174
32	129
276	447
99	228
439	50
125	128
160	258
60	375
266	490
359	288
50	366
70	145
450	319
255	53
282	402
301	235
442	257
493	174
362	340
70	281
129	432
181	146
415	118
163	324
479	497
264	471
239	196
71	246
177	55
253	246
299	225
327	392
101	241
63	390
36	413
424	297
172	400
438	51
36	82
178	491
393	96
483	83
15	203
193	461
24	196
201	45
431	164
93	233
245	59
249	454
116	162
335	88
348	296
22	158
126	62
274	17
158	259
426	397
65	164
226	413
443	407
322	366
87	187
78	101
244	129
441	0
137	31
383	447
24	280
383	146
427	105
147	37
484	239
14	285
418	499
166	124
372	239
241	399
318	96
267	163
86	365
468	112
287	363
250	141
392	350
382	8
282	214
405	269
87	301
435	340
8	486
444	206
443	336
294	56
368	219
4	18
150	456
65	343
204	128
224	306
389	180
183	104
341	172
433	48
322	184
445	475
71	171
42	156
199	241
245	439
69	307
137	170
151	350
29	421
260	132
75	79
114	469
376	336
498	156
119	410
69	152
149	374
419	128
318	361
339	232
441	39
482	294
372	18
427	440
492	224
25	312
122	14
476	244
135	76
282	461
361	365
93	72
271	107
348	268
473	297
194	68
321	323
22	424
139	364
330	116
127	316
294	357
492	51
380	399
174	136
199	460
140	378
75	378
217	448
422	241
302	497
266	113
482	49
449	334
359	499
205	297
319	465
478	397
152	401
111	357
361	139
160	443
393	437
113	371
85	57
438	45
478	337
22	364
303	321
33	467
77	377
426	26
199	395
69	357
186	96
214	90
390	321
416	51
379	474
124	306
348	187
88	289
49	449
302	296
121	161
304	467
389	135
401	75
272	235
22	248
452	440
57	310
134	300
255	477
475	247
293	221
303	300
5	454
16	39
482	465
380	50
449	437
391	160
308	347
352	375
256	316
298	499
172	92
453	421
335	377
312	322
418	459
295	442
114	198
179	108
147	398
373	212
145	365
168	267
50	397
281	13
149	171
97	288
63	452
32	264
242	469
315	90
254	72
109	419
37	301
157	281
453	407
111	324
420	146
475	343
230	290
235	191
347	476
391	175
329	177
134	31
406	496
34	296
153	96
310	277
23	108
405	317
370	355
404	232
234	306
76	159
318	187
295	61
192	305
452	51
479	161
352	143
159	170
398	227
98	115
373	66
165	84
177	127
393	93
15	300
179	378
420	323
5	380
279	355
444	413
36	96
369	337
376	296
317	342
299	465
237	487
185	158
368	248
398	54
326	273
37	434
64	220
243	385
30	386
351	31
102	486
370	450
329	446
194	89
422	305
466	310
50	343
71	399
171	436
444	336
484	247
159	419
217	191
189	432
106	209
272	223
276	356
416	207
249	124
278	45
119	127
195	459
116	447
450	463
113	162
2	128
478	56
53	227
406	480
401	467
430	80
474	84
25	236
260	125
94	265
100	145
34	319
100	225
390	297
41	493
473	424
464	226
127	307
142	375
11	400
292	155
326	274
222	329
445	152
451	102
27	340
111	203
238	307
131	7
404	452
335	262
106	286
103	10
15	32
347	156
222	404
494	67
185	447
423	46
48	138
472	3
180	262
450	95
229	428
83	166
201	65
338	353
97	197
134	182
209	210
245	403
252	180
38	228
17	371
214	443
344	66
423	93
423	146
433	495
183	91
383	269
391	27
448	343
98	240
416	231
379	149
16	155
370	98
202	189
205	488
140	112
295	66
466	62
250	307
441	17
25	201
25	258
126	117
283	394
15	79
322	174
204	270
267	323
86	220
42	7
446	273
348	69
127	90
317	309
374	35
41	279
445	287
374	355
41	387
245	451
190	279
210	468
392	215
287	469
194	2
245	145
278	402
393	201
231	487
23	488
101	331
356	81
28	213
78	233
206	234
315	43
4	388
168	11
327	256
55	407
493	269
38	301
376	418
189	375
87	62
52	356
338	262
89	19
335	330
173	56
327	225
388	232
386	261
119	225
249	343
150	139
10	59
313	309
83	421
253	45
410	132
278	275
148	33
415	388
411	73
310	354
254	67
83	387
194	152
169	306
383	112
411	402
345	279
43	141
169	440
384	371
230	206
73	473
482	9
445	247
441	129
168	224
101	460
97	360
47	422
481	424
492	289
99	495
126	243
359	197
191	399
166	440
222	464
283	465
222	323
219	262
251	221
341	356
157	365
268	197
198	349
229	292
73	143
142	105
28	358
37	29
335	375
87	28
87	9
252	55
176	412
157	18
143	170
254	294
203	117
88	104
299	215
414	16
484	220
274	60
79	491
313	141
380	58
202	123
307	456
114	246
466	436
4	257
183	180
205	18
14	17
145	491
339	457
455	258
211	60
132	269
61	123
49	164
75	6
144	51
401	232
142	46
265	345
67	413
331	35
274	213
318	149
271	291
391	214
372	162
405	427
87	451
135	303
67	33
135	259
444	20
308	267
326	182
313	372
64	467
414	420
408	124
216	169
97	254
47	61
144	457
408	498
131	369
310	112
99	336
243	257
480	440
6	82
169	35
453	425
475	19
325	189
264	367
328	40
131	463
64	413
400	171
333	296
374	2
166	115
434	340
396	301
207	124
85	385
332	144
77	0
335	144
376	137
77	465
42	101
411	378
32	68
295	83
308	168
483	30
52	59
190	261
393	290
128	456
394	457
191	407
498	223
478	432
70	184
292	297
27	429
330	317
165	491
114	435
332	432
415	41
453	459
73	454
147	207
381	13
298	493
351	114
25	325
251	204
281	495
7	35
47	225
345	232
472	425
396	424
203	206
379	209
120	197
287	60
91	446
292	181
210	360
157	402
255	247
108	481
412	68
193	238
293	480
369	92
302	399
406	384
76	23
466	154
334	115
362	469
92	174
15	23
168	74
161	197
350	449
188	6
325	221
276	360
470	64
38	400
293	304
175	270
422	407
131	294
416	81
29	167
266	36
472	188
205	381
361	428
249	156
21	45
57	23
110	79
130	169
423	66
211	242
386	478
284	115
268	288
383	123
74	261
311	471
226	258
259	275
389	251
144	488
176	298
71	163
484	207
30	248
199	471
0	353
211	462
368	40
222	398
278	476
389	192
100	272
470	268
85	7
5	244
239	123
163	363
202	401
344	378
173	54
158	298
483	304
44	468
425	92
4	473
347	366
166	3
195	22
327	64
24	76
65	214
230	357
265	488
475	447
127	429
106	118
376	305
0	149
412	117
433	497
33	378
107	334
464	245
85	12
62	367
195	107
362	270
313	150
418	285
324	305
100	280
110	220
263	490
56	270
409	105
345	43
121	436
223	419
133	19
20	385
209	218
237	190
344	117
254	371
157	234
331	286
94	357
430	116
52	430
230	150
216	449
452	387
201	208
226	238
311	240
103	54
423	61
494	291
450	399
445	484
370	349
57	104
204	170
332	368
240	9
368	178
251	458
405	454
460	375
226	270
113	187
152	260
73	475
205	134
143	428
250	481
462	221
260	84
184	356
223	105
338	12
132	369
107	244
134	48
215	86
451	346
89	138
430	240
474	12
315	291
384	286
470	104
10	235
73	126
255	316
299	330
308	249
137	307
410	43
125	397
161	118
90	421
139	84
250	305
71	76
48	53
109	469
295	472
370	221
267	164
212	286
15	398
5	315
80	384
328	289
186	417
4	439
233	334
91	284
282	132
148	355
434	488
414	236
130	487
379	187
121	63
89	479
216	366
94	224
120	81
459	39
69	45
313	489
91	11
315	92
358	285
78	309
154	326
282	277
85	108
496	182
425	387
283	207
46	16
237	189
181	54
8	241
179	140
130	167
122	320
377	404
273	471
313	353
151	3
47	190
77	75
283	385
444	320
317	53
450	413
433	342
160	367
38	201
271	213
175	497
400	325
442	385
391	95
180	455
133	437
24	118
215	431
86	104
195	196
34	123
414	126
137	290
146	3
153	289
32	422
181	248
396	192
354	490
28	236
114	19
179	448
453	490
309	95
113	248
200	460
177	477
493	357
388	322
314	434
122	184
304	364
302	136
78	60
250	182
328	455
425	269
139	118
91	42
22	115
345	417
283	414
426	342
44	476
39	227
460	227
425	461
77	410
265	428
131	177
314	383
470	394
271	122
21	455
485	461
7	421
7	244
396	458
472	228
492	231
377	366
24	68
464	485
52	280
74	149
92	384
252	290
287	306
69	55
426	407
438	435
263	417
215	458
