id	status
38	2
482	2
389	2
78	2
195	1
335	2
87	1
77	2
282	2
176	2
94	1
445	2
266	2
194	2
348	2
351	1
327	2
131	2
211	2
393	2
183	2
370	2
222	1
185	2
359	2
271	2
106	1
25	2
242	2
283	2
423	2
308	2
406	2
293	2
299	2
91	2
464	2
69	2
168	2
313	2
15	2
44	2
252	1
462	2
278	1
52	1
147	2
416	2
332	2
85	2
71	2
245	2
153	1
186	1
408	2
152	1
226	2
151	2
119	2
24	2
28	2
70	2
47	2
229	2
430	2
441	2
93	2
450	2
34	2
32	2
347	2
398	2
319	2
352	2
113	2
391	2
483	2
111	2
484	2
100	2
251	2
328	2
260	1
30	2
0	2
292	2
338	2
175	2
57	2
122	2
341	2
98	2
114	2
121	1
97	2
254	2
272	1
377	2
135	2
5	2
426	1
203	2
276	1
466	2
410	2
42	2
265	2
330	2
217	2
312	2
392	2
333	1
160	1
470	2
345	2
411	2
101	1
494	2
89	2
315	2
125	1
74	2
205	2
249	1
179	2
11	2
310	2
43	2
394	2
63	1
368	2
304	2
489	2
379	1
256	2
376	2
133	2
88	1
277	2
120	1
295	2
350	1
172	2
215	2
83	2
372	2
329	2
109	2
22	2
148	2
37	2
448	1
130	2
166	2
405	2
404	2
177	2
110	2
498	2
453	1
80	2
317	1
250	2
255	2
314	2
383	1
27	2
21	2
73	1
318	2
204	2
154	2
268	1
380	2
36	2
200	2
414	1
29	2
76	2
230	1
209	2
263	2
126	2
193	2
143	2
233	2
475	2
132	2
23	1
409	1
142	1
103	2
216	2
207	2
476	2
165	1
157	2
49	2
158	1
339	2
219	2
180	2
150	2
145	2
108	1
309	2
149	2
62	2
253	2
474	1
415	2
67	2
444	2
140	2
344	1
4	2
492	1
137	2
33	2
202	2
262	1
302	2
173	2
127	2
10	2
107	2
320	1
223	2
237	2
374	2
159	2
401	2
231	2
418	2
400	2
298	2
373	2
124	2
210	2
412	2
190	2
446	2
66	2
280	1
144	2
479	1
161	1
326	2
169	2
438	2
396	2
197	2
46	2
239	2
296	1
468	2
61	1
72	2
2	2
206	2
386	2
431	2
361	2
1	2
64	2
238	2
362	2
26	2
481	2
473	2
201	1
303	1
58	2
449	2
234	2
419	2
116	2
41	2
19	2
434	2
264	2
435	2
472	2
388	2
261	2
301	1
425	2
477	2
65	2
367	2
487	1
463	1
291	2
273	2
457	1
279	1
236	2
439	2
451	2
433	1
452	2
102	1
86	2
40	2
192	2
447	2
68	2
390	2
139	2
311	1
240	1
156	2
181	1
267	2
325	2
247	2
321	2
480	2
167	2
294	2
420	2
84	2
458	2
287	2
9	2
54	1
382	1
402	1
274	2
497	2
134	2
75	2
232	1
16	1
59	2
246	2
45	2
224	2
424	2
422	1
162	2
322	1
455	2
212	2
300	2
499	1
50	1
235	2
281	2
493	1
163	2
184	1
356	2
437	2
269	2
364	2
79	2
324	2
191	2
14	2
459	2
427	2
354	2
478	2
99	2
56	2
170	2
221	2
259	2
218	1
199	2
228	2
208	2
39	1
369	1
428	2
469	1
8	2
342	2
334	2
171	2
118	1
403	2
7	2
146	1
284	2
357	2
188	2
331	2
496	1
128	2
243	2
485	1
164	2
81	2
155	2
305	2
214	2
60	2
31	2
258	2
365	2
196	1
104	2
316	2
241	1
105	2
48	1
92	2
178	2
35	2
95	2
141	2
3	2
244	2
363	2
397	1
138	2
465	2
429	2
129	2
20	2
297	2
442	1
387	2
366	2
53	2
358	2
384	1
117	2
55	2
213	2
257	2
378	2
471	2
90	2
413	2
270	2
467	2
381	2
443	2
360	2
225	2
307	2
461	2
417	2
407	1
13	1
289	2
115	2
288	2
495	1
174	2
488	2
306	2
340	2
123	2
491	2
198	2
286	2
343	2
248	2
486	1
346	1
290	2
6	2
323	2
460	2
220	2
454	2
456	2
182	2
421	2
112	2
189	2
490	2
136	2
353	1
51	1
17	1
395	2
187	1
349	2
18	2
399	2
432	2
336	2
12	1
96	2
337	2
440	2
436	2
385	2
355	2
275	1
285	2
227	2
371	2
375	2
82	1
