source	target
429	375
327	53
386	399
427	411
221	220
475	411
341	29
165	103
357	53
207	421
461	220
138	375
26	28
458	66
177	224
258	266
158	28
450	15
476	378
201	259
345	405
38	112
165	348
268	375
480	401
407	319
454	334
342	394
413	28
105	259
422	28
320	266
380	259
419	399
139	364
64	53
262	348
408	53
27	28
24	375
163	364
273	251
17	103
357	325
333	378
98	399
207	289
381	399
98	100
369	251
46	259
111	259
467	364
432	259
301	100
410	274
64	416
428	364
17	53
142	28
416	375
345	28
469	411
287	413
73	156
253	401
418	112
302	15
73	364
429	15
122	28
203	364
156	53
333	103
258	378
71	378
479	415
194	211
59	28
350	15
270	333
421	100
310	53
426	53
39	421
349	28
305	148
110	100
296	103
74	364
418	15
171	15
107	394
258	259
193	394
466	148
133	401
454	148
423	29
372	375
386	29
272	148
125	220
3	394
60	364
84	220
429	411
456	394
186	394
281	274
304	361
2	399
97	378
404	0
208	148
4	259
244	103
90	103
126	251
274	266
446	148
193	364
134	399
190	15
245	15
248	255
282	394
368	421
102	103
341	15
46	15
179	3
256	274
148	30
58	364
1	22
463	28
324	66
53	423
62	416
352	29
211	255
293	325
9	103
37	251
65	15
414	53
167	266
186	423
296	416
369	421
87	15
470	394
469	114
216	274
84	266
370	53
61	148
481	394
465	53
475	15
466	3
380	375
480	403
82	399
398	375
326	28
50	103
12	53
313	53
279	364
181	112
487	259
324	411
344	361
146	422
483	53
157	364
408	259
419	3
284	15
445	399
80	29
5	220
484	364
102	112
412	53
119	423
107	112
431	185
391	394
483	378
236	401
418	22
145	274
220	53
206	15
43	76
35	394
147	375
490	112
414	112
161	224
340	375
321	401
325	416
385	364
414	15
94	15
16	259
421	15
130	348
162	399
19	3
140	375
388	3
67	399
93	112
318	53
196	112
263	103
360	375
209	148
82	112
262	319
356	100
68	325
463	423
166	394
291	15
371	375
247	423
108	364
161	401
89	241
497	409
92	211
65	220
358	375
184	251
399	325
208	29
185	421
356	401
439	423
286	15
264	251
42	251
227	364
262	375
453	148
307	3
334	156
96	103
209	423
220	259
5	15
363	364
13	15
108	421
225	112
14	15
35	100
29	417
248	394
470	103
324	421
109	422
257	416
305	28
189	3
489	15
330	399
300	220
448	112
378	3
219	375
473	3
103	375
318	416
426	156
431	416
239	266
382	367
61	421
76	423
336	103
26	348
480	394
370	28
484	259
366	364
11	361
372	364
51	53
63	259
156	15
417	421
229	251
357	432
145	325
8	355
147	148
148	29
201	15
105	266
198	185
405	266
459	259
222	361
181	367
425	285
130	325
391	289
392	401
159	399
43	375
489	421
392	399
17	364
446	259
317	378
334	29
379	15
308	266
87	28
202	28
409	28
310	15
52	319
252	112
53	334
400	364
343	399
153	432
350	3
241	22
214	266
339	259
69	220
212	423
341	399
347	28
175	15
340	364
50	399
45	66
462	375
151	251
70	364
123	259
442	375
355	364
92	401
394	0
57	100
383	348
338	53
111	28
124	112
70	423
101	259
395	15
157	259
218	15
142	103
215	394
202	259
121	224
231	29
16	53
211	259
0	266
154	364
166	259
263	251
379	378
445	423
127	319
27	29
57	28
353	349
18	421
135	401
325	3
180	364
83	28
334	15
282	378
455	378
15	399
238	220
215	403
423	266
387	259
179	15
130	251
281	259
151	3
410	15
30	401
37	148
74	266
254	421
132	53
491	423
10	112
132	28
362	364
153	259
314	348
6	378
204	53
363	224
294	112
24	399
497	66
228	399
367	399
422	29
107	375
441	266
251	399
31	364
440	378
407	15
1	103
405	148
482	185
460	399
339	375
189	28
490	271
80	394
249	423
419	375
492	66
9	399
336	378
290	255
191	375
0	112
229	422
238	15
322	148
2	361
359	266
301	399
171	411
432	103
143	0
353	28
277	348
114	399
163	349
174	266
233	349
126	53
315	423
308	112
329	289
302	423
404	220
456	334
261	375
90	364
272	399
472	421
402	423
75	364
293	266
444	112
85	421
430	240
240	266
364	378
482	28
434	375
151	53
463	399
38	348
18	28
198	364
280	399
224	53
172	325
470	112
216	112
66	423
356	3
420	421
204	100
348	53
147	224
447	2
202	411
345	349
330	378
444	259
149	375
178	15
257	28
115	53
320	259
481	15
227	3
421	423
67	148
411	399
440	224
95	148
160	53
402	417
382	259
278	255
399	220
337	421
484	148
286	364
448	259
141	266
210	274
7	334
288	15
106	53
23	378
344	394
194	348
433	403
230	259
231	401
206	66
219	251
167	421
255	375
59	156
168	100
230	399
236	399
196	0
163	112
135	411
276	394
120	255
362	251
457	349
247	224
485	416
473	103
45	112
88	148
185	378
247	411
75	266
29	349
289	349
433	224
65	399
82	103
354	30
332	112
342	15
3	457
327	423
437	251
58	112
47	432
498	401
291	399
122	421
235	103
303	426
458	399
14	364
170	112
388	399
385	421
495	415
36	185
346	399
195	401
237	251
239	112
389	416
180	375
320	401
402	364
417	423
256	259
460	220
164	308
251	220
173	421
182	28
189	224
406	22
216	364
415	114
390	3
210	53
417	289
344	375
253	28
60	251
212	394
38	15
44	211
342	421
272	394
471	28
215	103
104	53
349	66
204	274
271	259
374	394
399	28
86	375
217	112
277	401
361	348
157	103
264	148
259	244
390	30
336	403
75	220
115	22
259	375
36	403
47	413
434	361
385	259
196	401
347	53
179	259
468	28
469	103
148	378
152	394
117	394
234	375
285	364
34	53
128	361
79	259
153	103
121	401
449	378
289	148
471	499
135	461
60	266
404	28
308	100
383	422
192	3
267	378
311	378
55	325
369	155
383	319
55	399
304	334
155	259
316	148
479	364
223	66
266	251
255	369
339	228
91	394
143	28
21	259
104	375
384	15
355	421
30	364
290	394
124	364
464	259
137	361
495	103
71	241
314	0
293	399
280	28
255	28
373	422
134	112
335	112
386	401
158	15
309	220
286	401
450	225
0	364
319	112
432	266
33	103
438	423
483	15
187	399
388	211
488	103
146	348
275	100
20	53
95	185
413	266
237	148
54	74
393	251
387	325
218	255
246	423
366	28
109	375
184	274
109	3
313	148
415	112
397	148
88	422
274	224
411	349
152	228
198	375
77	155
472	241
451	103
481	375
477	53
353	156
173	349
192	100
269	251
264	259
2	364
5	266
234	378
155	53
391	399
145	375
178	28
113	348
49	375
346	251
42	53
197	334
229	394
49	251
77	66
201	422
443	28
445	259
193	112
105	220
298	148
362	100
265	28
403	156
133	103
31	15
94	399
400	266
223	375
323	224
2	394
140	399
389	255
14	103
242	30
439	156
93	375
283	156
249	375
434	156
192	53
358	399
15	112
377	3
273	100
436	378
0	225
111	112
492	325
438	364
367	411
260	394
382	394
13	251
485	364
267	156
312	423
270	401
459	220
22	15
241	378
478	394
81	375
493	112
4	53
462	29
19	259
169	378
466	259
164	457
476	112
183	401
467	251
254	100
311	100
403	401
377	421
41	401
115	325
142	148
123	421
305	259
27	416
435	224
275	103
295	15
412	15
295	364
44	103
90	461
91	375
228	103
317	364
149	259
326	413
351	394
372	319
235	259
119	259
103	28
242	399
398	399
430	378
401	112
84	28
172	375
53	421
32	53
491	364
183	66
299	266
343	15
246	156
126	28
48	401
160	259
232	28
182	148
294	348
42	375
260	422
475	259
370	259
458	349
34	15
280	403
251	364
48	364
424	15
106	394
127	244
52	364
452	416
350	399
18	399
199	220
222	375
146	28
11	325
365	325
267	325
265	411
271	401
150	423
297	112
376	378
110	185
343	28
299	422
176	401
377	66
96	399
116	251
396	53
365	461
276	364
270	112
1	399
180	461
442	423
292	28
277	22
205	28
64	112
494	100
256	415
406	28
120	53
436	241
208	3
295	53
425	220
167	103
465	375
191	103
332	349
244	228
97	416
181	399
74	66
271	28
243	399
245	266
230	273
457	378
447	364
159	251
56	3
221	364
323	74
366	95
300	28
307	364
176	112
283	399
490	375
80	28
375	148
479	103
279	266
291	29
144	364
119	15
76	15
3	53
150	334
40	333
322	28
191	148
6	364
226	378
0	401
176	399
81	423
440	471
250	100
168	375
97	15
12	259
446	421
425	364
285	100
51	224
58	270
88	259
367	401
486	364
387	95
57	15
66	259
321	15
120	66
36	148
24	15
134	423
122	266
266	421
162	401
438	15
124	421
373	364
449	375
169	423
397	364
72	461
54	259
330	148
223	421
112	364
443	156
46	401
297	251
220	32
20	423
464	28
492	259
30	228
117	399
213	364
396	259
284	0
170	349
213	401
453	251
117	364
254	259
452	375
371	421
210	375
129	15
44	28
195	403
406	228
7	401
45	394
129	259
427	103
375	53
306	394
249	148
398	401
172	259
187	15
319	15
4	29
40	15
199	401
394	156
68	364
102	364
99	378
477	266
304	364
212	266
331	411
495	259
287	334
29	364
195	375
128	274
260	112
329	432
33	394
160	224
337	259
389	3
355	394
333	259
314	325
86	251
268	259
266	28
171	349
441	364
28	251
468	399
91	100
331	53
116	53
374	28
138	401
309	255
209	378
112	220
306	30
456	3
279	259
125	375
101	266
288	29
274	15
436	28
162	15
395	259
138	349
217	15
478	378
33	15
152	375
203	399
52	3
118	53
168	112
85	364
174	112
39	28
409	394
253	394
407	364
278	103
464	364
6	399
54	399
118	224
175	375
200	0
211	349
420	422
76	220
235	411
96	378
93	403
375	378
292	15
292	461
228	259
99	361
31	375
26	103
141	103
136	53
129	401
188	378
73	155
70	401
56	148
311	375
250	15
415	53
494	148
41	423
194	100
154	100
299	378
338	266
413	29
62	251
309	401
447	220
185	394
112	266
41	259
136	15
184	53
346	3
315	461
56	401
290	411
47	364
300	266
72	259
35	399
127	28
397	224
197	71
39	15
125	401
465	399
114	378
315	325
303	421
25	53
131	0
461	421
340	432
164	399
110	319
473	364
294	364
368	15
269	28
494	364
32	266
116	220
393	273
34	103
221	378
450	364
348	259
312	220
100	103
98	28
50	266
312	103
316	457
128	378
113	364
437	399
233	3
282	251
471	394
213	378
261	289
437	421
477	421
268	220
411	220
332	348
392	411
416	411
170	148
63	378
173	71
248	53
310	411
68	148
15	155
100	334
222	378
496	348
298	421
408	266
486	112
373	423
381	28
379	289
236	364
361	375
177	266
252	66
156	28
401	266
232	421
155	401
384	378
187	378
139	319
376	423
263	399
322	259
487	421
177	220
108	403
335	29
234	259
360	30
113	375
21	401
435	421
317	224
244	399
329	103
141	378
354	349
150	394
243	155
16	15
338	348
493	29
281	364
496	220
219	399
348	103
132	364
452	251
468	228
89	375
7	399
451	15
424	211
143	415
233	364
326	259
449	4
174	409
405	112
199	100
69	103
400	401
335	148
328	421
1	364
496	15
368	401
72	28
197	53
114	228
378	0
349	15
401	259
359	3
395	378
441	259
188	361
8	394
78	3
296	394
252	228
78	53
467	375
104	416
412	100
323	15
297	364
214	394
347	394
121	28
133	399
59	220
351	378
217	375
482	0
422	259
430	401
1	220
259	29
28	394
55	220
337	364
359	348
77	28
49	423
218	394
298	15
278	28
240	375
420	401
396	156
451	259
364	266
83	112
478	401
51	403
140	364
358	148
71	28
474	100
178	220
426	399
203	148
486	29
22	103
269	100
435	349
461	266
144	15
439	401
390	259
158	266
8	378
86	423
328	403
159	28
352	241
460	28
403	413
23	251
325	28
89	401
489	378
11	103
476	220
23	361
40	319
313	375
92	0
316	394
25	28
61	15
488	3
231	53
488	415
25	394
442	325
321	28
10	399
118	364
166	103
327	394
307	28
21	423
433	375
200	28
360	399
85	378
10	156
424	426
427	378
13	259
443	0
288	399
37	361
28	259
106	401
137	364
273	421
190	259
474	364
237	28
328	148
444	375
224	413
380	103
351	95
409	0
491	251
165	375
453	378
364	15
428	349
103	259
242	421
246	53
144	399
227	15
206	259
32	399
457	471
226	364
416	423
363	334
275	66
284	401
95	28
137	259
493	0
371	103
131	112
485	394
374	259
79	103
331	259
190	401
454	399
306	224
431	334
265	220
428	220
131	394
175	112
154	394
352	28
472	15
378	15
99	364
200	224
462	53
381	224
87	148
384	251
487	15
319	148
48	28
205	148
169	112
376	401
100	401
224	361
139	423
81	266
205	224
69	266
394	378
459	53
67	334
250	375
243	422
94	325
238	375
393	15
79	416
302	156
78	399
318	251
232	103
225	148
240	325
19	28
301	22
261	68
63	415
183	349
186	399
136	325
448	403
474	251
287	375
123	375
22	3
66	364
207	112
283	401
83	15
455	259
62	15
423	220
239	421
43	3
101	394
410	29
257	53
214	224
285	3
455	103
9	53
361	364
241	15
225	289
303	259
365	401
0	255
276	15
149	251
354	103
226	259
245	112
188	224
161	15
289	28
12	251
20	220
182	334
