id	status
59	2
373	2
67	2
160	2
97	2
9	2
427	2
459	2
190	2
230	1
210	1
451	2
236	2
468	2
65	2
471	1
447	2
311	2
394	2
7	2
207	2
498	1
245	2
41	2
107	2
83	2
11	2
354	2
103	2
197	1
234	2
61	2
88	2
172	2
164	1
258	2
381	2
455	2
84	2
14	2
95	1
422	2
379	2
293	2
64	2
116	2
289	2
280	2
111	2
12	2
213	2
66	2
71	1
202	2
327	2
215	2
298	2
108	2
246	2
331	2
219	2
275	2
407	1
93	2
225	2
328	2
397	2
242	2
425	1
490	1
146	2
480	2
431	1
243	2
26	2
380	2
62	2
387	1
110	1
171	2
470	2
393	1
151	2
8	1
355	1
178	2
406	1
419	2
74	1
312	2
170	2
344	2
73	2
283	2
49	2
117	2
180	2
222	2
428	2
460	2
448	2
158	2
40	1
254	2
483	2
166	2
319	1
346	2
401	2
252	2
39	2
248	2
342	2
0	2
417	2
482	1
313	2
284	2
440	1
466	2
290	2
481	2
47	2
25	2
476	2
305	2
121	2
32	2
444	2
493	2
479	1
214	2
434	2
472	1
277	1
403	2
257	2
129	2
176	2
75	2
141	2
333	1
332	2
263	2
52	1
203	2
44	1
34	2
265	2
495	1
17	2
92	1
223	2
259	2
304	2
134	2
239	2
144	2
5	2
6	2
193	2
264	2
385	2
292	2
310	2
256	1
303	1
244	2
424	1
323	1
409	1
454	2
196	2
295	2
456	2
142	2
352	1
100	2
159	2
218	2
232	2
372	1
371	2
217	2
72	2
377	2
443	2
367	1
60	2
320	2
335	2
174	1
208	2
113	2
21	2
206	2
266	2
58	1
198	1
169	2
192	2
156	2
334	2
147	2
268	2
261	1
195	2
133	2
216	1
382	1
347	2
365	2
301	1
124	2
45	2
316	1
209	2
220	2
489	2
131	2
478	2
449	1
233	2
247	2
168	2
429	2
82	2
154	2
33	2
402	2
46	2
68	1
50	2
499	1
249	2
300	2
157	2
37	2
231	2
78	2
132	2
96	2
273	1
439	2
492	2
279	2
442	2
450	2
368	2
125	2
118	2
179	2
359	2
101	2
260	2
364	2
184	1
109	2
119	2
415	1
475	2
358	2
175	2
389	2
10	2
272	2
353	2
446	2
224	2
165	2
491	2
226	2
287	2
350	2
86	2
30	2
250	2
497	1
485	2
80	2
255	2
27	2
360	2
410	1
227	2
186	2
336	2
340	2
343	2
137	2
477	2
271	1
122	2
76	1
23	2
57	2
436	1
99	2
337	2
376	2
4	1
421	2
123	2
18	2
262	1
136	2
150	2
87	2
181	1
199	2
461	2
120	2
90	2
338	2
102	2
430	1
105	2
94	2
351	1
413	2
127	1
77	2
308	1
318	2
384	2
496	2
16	2
370	2
463	2
458	2
152	2
253	2
201	2
349	2
106	2
240	1
494	2
189	2
48	2
486	2
363	2
63	1
420	2
435	2
395	2
251	2
324	2
452	2
418	1
161	2
488	1
291	2
54	1
383	1
38	2
361	2
167	2
282	2
183	2
366	1
91	2
177	2
299	2
388	1
423	2
43	1
278	2
386	2
188	2
55	2
149	2
325	2
20	2
128	1
51	2
235	2
469	1
462	2
288	2
140	1
28	2
314	2
375	2
374	2
362	2
115	1
306	2
1	2
378	2
145	1
13	2
391	2
302	2
126	2
112	2
204	1
155	2
453	2
143	1
339	2
130	2
212	2
229	2
182	2
414	2
285	1
412	2
19	2
267	2
85	2
135	2
24	2
433	2
465	2
35	2
473	2
162	2
315	2
404	2
398	2
42	2
163	2
369	2
390	2
81	2
464	2
437	2
405	1
294	2
31	2
408	2
348	2
187	2
457	1
153	2
392	2
441	2
296	2
329	2
322	2
321	1
200	2
317	2
281	1
356	2
221	2
309	2
98	2
173	1
307	2
185	1
15	2
426	1
341	2
357	2
70	2
474	2
138	2
237	2
139	1
286	2
432	2
36	1
241	1
104	2
29	2
467	2
487	2
148	2
79	2
270	1
326	2
53	2
56	2
205	2
438	2
2	2
238	2
399	2
114	1
89	1
396	2
297	2
69	2
194	1
411	2
269	2
22	1
274	1
211	1
191	2
400	2
228	2
345	1
484	2
330	2
445	2
276	2
416	2
3	2
