source	target
473	41
106	37
287	238
444	75
166	169
474	238
22	169
159	169
184	317
332	22
494	41
243	30
459	137
483	97
184	227
405	22
246	153
457	238
175	20
47	1
154	153
241	153
17	392
17	389
131	450
269	41
490	253
448	238
251	169
141	41
161	10
438	304
360	4
89	358
320	85
83	84
112	177
211	187
224	358
63	400
72	335
59	37
25	117
457	450
488	389
30	20
281	37
251	22
226	220
132	318
138	238
47	238
96	85
269	71
371	220
279	227
59	238
124	358
197	238
221	238
119	22
391	238
495	169
41	304
281	318
255	187
462	450
119	359
472	20
337	318
88	266
62	304
55	389
53	41
409	1
71	318
261	265
366	358
443	358
340	220
423	84
350	392
212	10
397	85
203	22
113	187
0	37
276	37
163	4
283	97
114	335
378	238
424	220
119	51
466	389
233	358
122	39
116	85
378	20
168	227
245	335
385	85
109	304
178	51
104	51
324	317
415	85
492	22
356	169
155	317
142	294
140	71
217	117
259	216
394	400
22	265
341	220
230	304
82	0
496	71
130	85
341	358
208	85
328	39
186	169
375	426
491	85
449	51
51	216
350	85
299	169
292	169
276	169
417	71
56	0
99	465
280	318
431	0
393	359
264	450
268	318
150	169
346	153
214	22
467	389
418	41
461	318
391	51
17	318
336	71
380	400
78	30
460	22
345	30
435	85
97	318
340	227
250	238
64	10
198	169
341	389
78	216
327	22
125	358
422	153
128	304
14	304
368	400
371	51
254	85
150	318
220	10
388	450
376	153
2	4
126	22
187	85
409	22
403	359
74	238
372	304
351	169
175	4
235	153
451	238
300	37
108	304
299	318
368	97
478	37
99	220
393	169
10	426
76	130
465	41
171	402
90	22
72	389
447	220
249	85
180	10
407	450
295	41
275	304
451	37
30	5
453	238
33	41
407	39
418	317
421	41
223	359
326	238
268	76
189	51
68	450
179	85
191	71
94	97
158	85
495	22
225	41
197	0
356	85
152	153
121	37
167	402
381	317
210	238
229	84
70	97
20	238
49	317
124	169
459	132
221	22
51	130
185	450
448	153
162	392
98	22
190	37
322	169
44	358
167	169
371	37
466	86
43	227
108	22
413	97
207	227
436	389
10	84
458	318
233	392
348	257
160	97
394	137
190	265
362	0
146	220
469	51
133	220
282	450
128	51
270	227
273	187
355	374
74	220
420	227
373	0
408	41
376	169
30	318
248	304
243	22
483	220
93	227
101	216
307	220
45	71
346	304
79	238
36	400
357	117
148	22
85	317
206	153
209	318
440	39
65	137
247	450
296	304
45	216
182	358
360	450
229	187
80	86
261	392
493	97
191	169
323	51
489	0
100	238
190	400
151	97
241	22
482	22
308	450
92	358
120	1
279	359
250	37
139	22
35	37
28	84
28	85
7	30
169	51
406	71
170	216
258	5
471	358
58	37
475	51
254	22
1	294
327	85
96	130
225	51
238	450
335	450
266	137
175	317
117	169
7	22
361	304
402	220
104	22
297	66
147	153
429	392
409	304
147	169
165	71
280	304
257	238
64	97
446	374
344	238
141	304
493	70
148	304
36	39
386	85
314	358
122	358
349	169
20	97
489	169
386	37
379	110
415	392
266	374
485	39
492	238
204	85
140	227
436	304
427	0
353	1
480	304
333	327
354	39
442	37
246	37
417	317
281	358
53	22
76	389
309	304
2	227
252	335
4	238
470	304
254	359
238	85
182	41
442	51
173	402
172	97
292	0
268	169
225	318
155	153
115	37
313	227
181	187
426	0
224	85
258	220
374	37
248	41
16	97
81	169
310	359
301	358
369	450
325	97
263	450
415	110
79	220
311	238
306	84
363	318
338	51
437	266
439	216
338	41
73	318
484	153
322	22
468	22
373	41
192	262
154	396
434	4
320	304
245	97
283	238
8	169
305	450
476	220
239	153
347	22
498	439
212	85
122	450
309	450
252	220
57	84
9	216
357	37
349	187
219	4
462	22
24	22
401	85
211	97
38	39
200	0
23	220
488	450
181	22
278	0
364	464
451	317
5	389
230	37
47	317
239	294
331	396
434	400
216	97
32	37
267	187
56	327
290	97
157	39
484	220
65	97
315	187
46	238
57	97
310	169
332	389
149	335
453	51
460	220
372	238
174	97
410	220
21	22
364	238
27	97
282	85
395	358
283	216
377	130
115	117
218	177
42	187
489	450
267	37
97	317
102	117
204	0
77	262
261	358
226	85
0	216
223	358
333	187
150	374
485	238
488	238
319	85
270	85
176	117
388	304
328	358
53	227
197	396
296	464
343	41
277	227
491	117
71	389
452	450
79	153
153	358
366	389
339	85
443	71
60	227
369	22
219	22
1	389
95	238
77	37
308	66
213	37
353	39
2	22
104	238
31	169
430	17
334	22
88	304
135	85
63	137
49	39
46	51
228	41
380	30
201	51
129	216
320	0
8	304
249	41
43	187
314	22
135	389
105	97
62	169
23	450
296	41
14	450
107	30
9	304
487	216
431	169
367	304
128	169
195	4
324	238
94	220
285	97
264	389
481	169
356	37
419	304
0	22
113	130
226	238
216	359
461	0
70	389
312	450
440	137
284	153
405	0
318	85
185	84
345	187
138	51
334	51
463	85
472	335
374	473
46	169
21	304
398	37
479	318
445	22
177	304
454	97
298	51
141	37
121	97
112	318
269	97
165	37
102	22
455	22
194	169
210	389
41	30
404	84
0	318
401	304
330	359
389	84
414	85
275	220
368	220
3	22
393	304
497	22
272	153
87	304
425	169
20	4
242	450
48	0
73	304
72	137
85	30
187	400
16	22
220	465
90	400
404	85
256	466
289	71
284	304
453	85
365	4
220	304
132	169
222	220
457	318
336	227
223	85
102	335
425	400
312	84
60	318
162	20
80	85
73	220
331	187
188	51
189	37
207	37
433	220
442	10
50	238
421	85
111	97
282	153
60	22
347	304
126	4
256	169
250	85
19	220
359	86
146	187
54	85
236	238
435	169
94	41
306	402
344	22
192	359
252	51
421	220
217	220
178	22
334	97
304	238
325	148
454	169
205	389
291	97
4	84
385	396
290	227
133	450
176	0
480	450
474	22
222	216
120	153
403	464
82	318
231	85
151	153
103	37
474	294
232	37
235	400
84	85
83	85
213	66
66	37
449	30
186	187
291	153
363	51
24	238
486	0
78	0
92	304
149	348
419	85
180	389
67	450
64	41
431	177
39	22
466	169
319	37
373	22
280	85
26	400
404	37
229	318
231	450
363	5
232	238
383	130
163	450
384	358
199	238
291	137
288	37
129	37
495	51
143	51
227	85
13	85
115	318
217	227
412	238
153	10
412	130
129	220
219	97
233	22
302	450
120	5
418	499
105	238
390	216
358	227
139	51
375	238
213	216
441	169
26	216
331	335
462	177
420	1
370	426
378	450
307	39
337	426
91	97
61	39
464	22
479	389
153	22
440	238
257	4
429	10
460	374
352	97
396	37
40	220
236	177
196	39
319	238
33	39
396	0
130	464
399	41
121	22
236	153
350	317
471	400
382	358
455	169
147	358
188	318
71	335
214	216
54	97
52	187
242	37
342	41
251	41
185	358
293	304
196	97
286	51
355	117
265	85
490	1
494	216
193	37
473	238
369	359
395	227
397	392
61	169
416	10
11	85
243	85
95	22
199	71
351	220
411	216
3	238
272	37
478	51
292	51
321	216
171	148
298	0
228	37
476	169
339	51
398	335
193	389
16	85
155	66
454	71
169	0
216	22
123	389
43	358
377	238
339	41
347	30
218	227
262	22
385	169
285	238
101	37
288	358
100	71
52	0
435	220
4	37
92	238
114	41
492	169
446	317
439	169
290	22
278	97
1	22
189	426
414	220
244	402
152	4
103	358
316	318
325	169
482	450
87	22
477	318
424	177
55	169
335	227
354	0
470	71
306	169
387	37
396	358
459	97
127	358
240	0
68	220
107	238
450	97
14	4
130	238
405	85
343	400
342	118
295	37
125	400
449	358
412	22
315	37
400	304
416	238
81	97
194	37
142	51
195	304
211	22
148	389
496	85
406	335
478	153
294	153
410	318
227	97
67	30
326	37
87	220
179	187
307	153
318	22
428	137
38	85
65	304
97	85
310	317
381	466
21	84
164	85
156	85
209	238
59	170
145	37
231	22
389	169
161	284
215	153
237	0
458	335
133	169
342	220
456	238
438	37
145	216
138	137
124	37
75	169
379	317
5	187
299	39
107	170
400	374
399	317
118	51
287	262
184	37
458	220
376	51
200	262
34	30
167	465
401	153
402	20
411	317
62	85
15	450
154	327
262	220
322	85
355	220
362	1
156	340
67	85
482	358
164	187
464	37
246	294
144	41
387	85
69	4
386	473
143	97
313	396
192	187
215	389
317	358
202	318
88	22
74	318
300	0
111	304
336	86
358	389
109	97
110	227
48	41
260	261
337	97
321	304
48	450
0	153
196	137
439	37
253	137
52	22
110	450
44	396
375	169
201	335
7	41
471	216
40	41
463	118
262	137
145	358
170	153
311	318
15	227
125	169
273	465
29	85
69	169
467	97
242	0
361	153
476	66
163	0
183	238
144	238
361	4
293	220
123	4
295	450
81	84
279	22
25	37
169	85
490	153
240	464
390	0
259	238
234	450
358	22
83	304
263	85
56	238
228	169
8	220
382	118
191	39
427	304
89	284
447	22
118	177
174	85
106	481
445	238
259	169
84	465
55	317
12	450
136	97
23	30
384	335
195	22
66	169
142	37
239	85
137	22
168	85
359	97
11	284
41	359
483	261
436	37
38	153
235	137
80	220
149	400
253	169
365	284
66	30
311	169
40	216
158	22
204	41
117	153
100	51
302	187
360	426
424	327
413	265
260	216
414	450
383	22
433	169
276	335
75	220
304	22
205	169
294	464
425	238
27	220
329	304
206	85
274	39
323	1
272	318
456	389
395	0
397	169
344	317
486	51
101	238
86	318
99	51
367	450
89	85
241	0
249	220
86	4
260	97
25	153
423	220
33	22
441	10
392	187
374	0
265	216
493	238
198	392
343	37
389	238
222	153
470	267
199	359
352	358
131	85
42	253
244	216
432	10
36	216
491	97
161	71
274	97
245	220
381	358
127	153
403	51
37	304
165	85
253	450
407	426
207	318
136	216
481	97
247	426
348	37
273	97
406	169
303	318
49	51
69	97
366	304
333	335
144	0
338	4
392	294
98	402
416	304
398	392
54	358
18	66
450	37
255	85
95	284
441	84
82	51
15	71
157	450
134	85
140	169
496	359
50	465
465	169
132	37
271	464
327	187
447	389
408	0
237	238
308	153
270	39
351	389
10	238
215	327
465	359
256	30
118	153
328	318
316	97
106	227
6	97
316	37
468	389
203	37
464	97
90	464
76	30
362	97
210	227
116	216
263	335
479	39
275	131
166	37
284	137
477	450
183	169
51	227
221	216
178	227
37	39
384	220
193	71
277	169
34	37
31	51
317	238
387	450
230	97
285	481
123	22
86	335
297	22
266	22
417	22
410	22
265	267
5	130
475	220
1	169
186	318
302	318
117	118
35	97
426	450
450	1
166	22
399	37
238	220
247	41
172	450
32	132
61	187
152	265
305	41
157	117
463	97
244	4
480	0
430	51
113	30
288	304
208	358
390	318
18	187
146	169
232	51
182	169
183	153
39	97
402	358
134	238
131	169
443	169
34	335
126	358
487	37
313	220
428	37
388	22
446	97
264	22
348	84
134	51
481	0
6	153
394	85
461	22
194	450
271	85
103	304
297	71
105	169
330	153
477	71
170	169
309	37
93	169
164	153
240	238
12	51
452	426
349	97
300	400
438	84
429	41
329	153
98	220
27	318
294	389
303	22
180	22
411	450
468	0
218	85
63	22
301	304
289	41
50	97
177	4
91	22
323	358
32	317
324	327
58	85
224	318
382	169
143	137
234	464
248	389
420	238
9	10
456	117
497	51
203	51
452	51
484	227
287	450
0	400
444	97
206	39
432	0
485	152
408	220
209	84
160	41
187	393
326	22
111	51
214	304
354	51
171	22
68	51
3	153
136	85
234	340
31	317
77	169
486	450
227	464
377	400
278	153
29	169
201	30
116	4
329	358
365	216
332	169
317	39
58	169
353	85
357	169
472	169
200	71
289	117
29	71
286	86
379	130
318	137
426	37
448	220
372	358
419	22
19	97
114	153
400	238
370	22
28	37
139	85
445	169
13	51
176	450
18	137
434	37
12	10
274	169
487	86
70	450
11	335
367	389
112	137
2	389
135	37
364	110
110	22
1	4
173	97
383	169
37	359
42	71
202	137
24	358
423	318
198	216
172	85
271	153
258	37
335	220
93	304
57	238
75	304
255	20
6	317
158	358
159	187
39	41
179	0
301	51
467	153
212	22
45	97
26	85
475	389
277	0
413	294
359	71
293	216
174	318
370	0
108	153
428	97
432	317
303	37
494	450
340	389
188	400
22	37
151	22
156	41
137	187
286	97
391	22
91	177
44	317
257	1
208	22
137	51
314	153
430	37
173	169
202	22
352	389
437	41
298	389
13	137
437	318
205	37
181	37
162	396
304	66
473	402
455	304
237	10
422	358
422	0
84	37
177	169
346	51
35	41
19	238
321	450
160	0
267	169
85	66
433	20
380	51
444	392
305	335
109	318
312	130
96	169
315	450
127	37
345	37
159	304
469	304
427	41
168	97
330	71
469	0
392	317
