id	status
62	2
376	2
70	2
163	1
100	2
12	2
430	2
462	2
193	2
233	2
213	2
454	1
239	1
471	2
68	2
474	2
450	2
314	1
397	2
10	2
210	2
248	1
44	2
110	2
86	2
14	2
357	1
106	2
200	2
237	1
64	2
91	2
175	2
167	2
261	2
384	2
458	1
87	2
17	2
98	1
425	2
382	2
296	1
67	2
119	2
292	1
283	1
114	1
15	2
216	1
69	2
74	2
205	2
330	2
218	2
301	2
111	2
249	1
334	2
222	2
278	2
410	2
96	2
228	2
331	2
400	2
245	2
428	1
493	2
149	1
483	2
434	1
246	2
29	2
383	2
65	2
390	2
113	2
174	1
473	2
396	2
154	2
11	2
358	2
181	2
409	2
422	2
77	2
315	2
173	2
347	2
76	2
286	1
52	2
120	1
183	2
225	1
431	2
463	1
451	2
161	2
43	2
257	2
486	2
169	2
322	1
349	2
404	1
255	2
42	2
251	1
345	2
3	2
420	2
485	1
316	2
287	1
443	1
469	2
293	2
484	2
28	2
50	1
479	2
308	2
124	2
35	2
447	2
496	1
482	1
217	1
437	2
475	1
280	2
406	2
260	2
132	2
179	2
78	2
144	2
336	1
335	2
266	2
55	1
206	2
47	2
37	1
268	2
498	2
20	2
95	2
226	2
262	2
307	2
137	2
242	2
147	2
8	2
9	2
196	2
267	2
388	2
295	2
313	2
259	2
306	2
247	2
427	2
326	2
412	2
457	1
199	2
298	2
459	2
145	2
355	2
103	1
162	2
221	1
235	2
375	2
374	2
220	2
75	2
380	2
446	2
370	2
63	2
323	2
338	2
177	2
211	1
116	2
24	2
209	1
269	2
61	2
201	2
172	1
159	2
195	2
0	2
337	2
150	2
271	2
264	2
198	1
136	2
385	2
219	2
350	2
368	2
304	2
127	2
48	2
319	1
212	2
223	2
492	1
134	2
481	1
452	1
236	2
250	1
171	2
432	2
85	2
157	2
36	2
405	2
49	2
71	2
53	2
252	2
303	2
160	1
40	2
234	2
81	2
135	1
99	2
276	2
442	1
495	2
282	2
445	2
453	2
371	1
128	2
121	2
182	2
362	2
104	2
263	1
367	2
187	2
112	2
122	2
418	2
478	1
361	2
178	2
392	2
13	1
275	2
356	2
449	2
227	2
168	2
494	1
229	2
290	2
353	2
89	1
33	2
253	2
488	2
83	2
258	2
30	2
363	2
413	2
230	2
189	2
339	2
343	2
346	1
140	2
480	2
274	2
125	1
79	2
26	2
60	2
439	2
102	2
340	2
379	2
7	2
424	2
126	2
21	2
265	2
139	2
153	2
90	2
184	2
202	2
464	2
123	2
93	2
341	2
105	1
433	2
108	2
97	2
354	1
416	2
130	1
80	1
311	1
321	2
387	2
499	2
19	1
373	2
466	1
461	2
155	2
256	1
204	1
352	2
109	2
243	2
497	2
192	2
51	2
489	2
366	1
66	2
423	2
438	2
398	2
254	2
327	2
455	2
421	1
164	2
491	2
294	2
57	2
386	2
41	2
364	1
170	2
285	2
186	2
369	2
94	2
180	1
302	2
391	1
426	2
46	2
281	2
389	2
191	1
58	2
152	2
328	2
23	2
131	2
54	2
238	2
472	1
465	1
291	2
143	2
31	2
317	2
378	1
377	2
365	2
118	2
309	1
4	2
381	2
148	1
16	1
394	2
305	2
129	1
115	2
207	2
158	2
456	2
146	2
342	2
133	2
215	2
232	1
185	2
417	1
288	2
415	1
22	2
270	2
88	1
138	2
27	2
436	2
468	2
38	2
476	2
165	2
318	2
407	1
401	2
45	2
166	1
372	2
393	2
84	2
467	2
440	1
408	2
297	2
34	2
411	1
351	2
190	2
460	2
156	2
395	2
444	2
2	2
299	1
332	2
325	2
324	2
203	2
320	1
284	2
359	2
224	2
312	2
101	2
176	2
310	2
188	2
18	2
429	2
344	2
360	2
73	2
477	2
141	1
240	2
142	1
289	2
435	2
39	2
244	2
107	2
32	2
1	2
470	2
490	2
151	2
82	2
273	2
329	2
56	2
59	2
208	2
441	2
5	2
241	1
402	2
117	2
92	2
399	2
300	2
72	1
197	2
414	1
272	1
25	2
277	2
214	2
194	2
403	2
231	2
348	2
487	2
333	2
448	2
279	1
419	1
6	2
