source	target
367	428
149	365
481	54
326	25
99	454
345	293
233	2
283	346
209	69
157	135
447	76
93	288
387	25
283	231
373	381
331	340
379	338
113	419
273	218
120	476
493	433
253	260
478	215
146	129
72	87
426	39
131	142
56	259
395	183
192	285
8	457
332	90
318	172
79	452
164	1
8	263
168	357
398	178
342	435
493	117
235	30
360	279
81	491
465	85
107	494
414	237
71	497
63	274
319	96
380	269
453	171
58	460
366	385
148	185
358	225
82	29
147	69
442	125
84	319
114	362
365	275
466	247
6	193
199	205
447	420
41	470
225	431
64	401
71	406
280	318
111	77
469	364
441	248
196	415
384	189
375	240
184	397
212	43
211	339
332	177
248	443
91	190
315	37
439	43
387	461
310	440
92	7
268	234
449	443
406	269
377	288
298	241
456	88
210	54
383	434
265	470
309	108
10	135
310	427
24	231
206	357
394	249
221	402
287	153
65	303
230	278
44	371
161	275
259	254
114	327
115	203
201	355
361	30
158	267
388	384
58	209
59	365
161	279
111	17
238	63
226	173
390	32
230	390
199	36
326	137
100	45
479	139
482	13
61	122
232	159
0	198
85	189
277	39
352	50
460	172
230	414
0	395
245	90
358	416
260	365
212	451
84	419
439	362
345	215
224	141
100	106
418	435
463	435
91	474
206	251
460	455
190	60
375	445
328	387
424	47
192	35
255	54
5	12
51	444
297	498
482	308
71	415
19	93
465	299
196	351
92	441
172	35
482	302
356	176
194	354
445	302
380	444
80	156
255	182
339	494
333	90
116	141
273	403
382	129
245	170
442	232
495	27
467	36
184	76
373	193
313	424
184	316
268	455
328	121
207	186
342	165
149	70
180	42
83	127
158	289
261	267
213	205
423	269
192	254
399	87
57	186
225	202
4	498
242	179
211	340
6	33
290	327
317	307
80	22
264	258
417	149
444	385
325	472
118	90
80	281
64	437
10	191
361	104
325	304
10	392
238	302
272	474
284	305
157	344
367	340
20	279
102	236
270	24
48	198
259	394
180	197
408	322
263	306
84	294
209	341
175	442
496	458
51	236
400	42
472	464
204	176
211	471
468	1
34	470
481	436
385	215
268	178
327	164
481	122
48	415
13	308
74	37
434	388
11	171
131	303
262	69
154	68
477	343
320	202
271	444
441	276
280	306
331	291
378	266
227	437
183	87
425	173
345	453
262	14
165	137
398	458
252	77
240	487
388	203
310	485
152	288
153	236
484	322
270	214
168	396
223	451
106	193
370	385
297	291
290	388
51	191
5	208
232	278
329	404
184	126
348	217
156	26
38	144
482	401
437	93
360	289
83	22
333	393
143	248
260	307
389	146
359	66
468	419
347	489
253	473
418	134
255	107
255	79
64	35
486	11
264	195
136	264
423	498
361	47
352	380
454	171
125	251
80	73
125	487
145	30
456	450
0	336
376	228
376	340
314	334
103	365
280	26
175	246
129	330
67	256
180	382
478	384
114	55
323	335
58	43
345	445
469	111
115	12
242	239
11	335
115	223
483	438
101	247
62	346
116	177
243	494
263	144
100	130
8	410
107	155
116	359
449	3
469	363
51	455
106	110
391	341
162	117
320	190
156	393
399	294
92	347
19	144
172	301
426	452
183	66
91	217
337	246
182	105
447	363
238	213
389	254
366	47
200	186
36	85
226	429
414	186
241	205
313	303
374	289
114	49
159	77
47	334
371	251
106	289
452	410
348	91
132	461
398	346
493	340
492	384
131	301
479	275
353	65
298	384
422	181
125	79
447	317
461	102
399	274
378	208
321	303
212	395
109	261
41	267
468	299
16	23
466	59
245	472
258	31
339	419
293	118
221	145
475	108
297	214
466	303
443	418
154	440
497	195
319	485
372	215
326	223
433	138
328	72
157	138
212	84
323	82
331	151
314	198
97	153
83	65
124	121
470	349
206	239
271	407
342	488
417	127
99	194
313	269
130	487
23	366
341	177
342	252
434	336
399	327
371	382
333	50
62	26
328	460
122	335
425	50
136	351
188	178
329	468
158	166
48	241
333	94
120	66
160	364
465	365
301	228
477	189
380	446
404	137
147	243
323	79
21	35
348	357
113	14
359	7
136	123
321	4
222	183
109	290
290	189
329	140
229	489
148	112
199	460
18	76
159	411
233	236
233	194
456	494
446	453
82	164
270	258
238	43
110	219
61	428
95	343
102	203
413	372
304	155
142	31
119	23
38	279
220	407
210	46
487	462
333	271
300	462
383	390
240	403
51	320
326	34
192	228
227	49
363	155
167	307
40	205
132	105
250	104
331	6
257	429
204	317
490	126
99	396
391	181
475	66
296	308
295	174
114	167
397	42
368	408
114	237
276	76
218	319
226	22
310	150
176	42
131	328
165	55
220	61
277	252
159	236
374	39
70	357
121	193
270	210
174	251
16	12
303	49
327	498
356	448
309	317
401	155
109	65
67	376
270	150
324	139
313	57
360	111
293	443
61	12
490	258
28	202
445	377
133	126
164	234
175	265
315	135
176	275
142	88
97	394
462	189
369	463
99	197
247	206
157	335
80	185
473	28
59	316
48	78
95	232
457	249
253	244
20	195
444	201
5	428
306	195
124	76
45	366
279	228
339	96
359	101
314	423
18	320
371	220
485	488
172	1
468	87
94	2
352	70
374	112
389	304
281	386
329	476
327	459
418	60
456	354
154	349
368	68
82	388
324	181
4	57
332	167
369	292
375	149
292	130
160	464
168	107
28	183
497	334
7	498
325	415
426	93
425	204
377	491
325	86
383	128
483	312
392	455
352	49
24	410
131	350
162	165
387	140
274	267
369	87
401	334
222	274
406	33
84	68
70	77
48	46
315	337
130	488
484	403
113	432
284	459
472	491
262	3
55	492
29	288
356	17
71	201
493	205
216	402
431	190
59	276
129	139
404	105
337	97
72	241
448	195
175	223
482	263
23	400
439	191
465	282
398	272
207	480
245	35
142	272
233	498
81	266
95	437
494	479
132	357
296	438
436	155
469	355
456	248
424	362
83	471
348	436
56	210
232	170
495	402
160	199
18	45
257	247
45	179
416	77
368	291
367	54
297	166
441	161
64	376
41	320
222	474
0	355
187	124
332	137
310	475
109	316
379	474
142	15
295	132
117	32
188	420
180	390
375	476
358	364
423	305
273	32
441	284
262	299
400	335
242	88
40	116
34	350
371	121
23	65
163	67
480	405
168	110
83	78
185	181
315	335
23	353
378	239
74	411
6	440
381	454
481	75
422	464
358	175
229	292
122	249
467	349
300	102
486	94
243	105
75	330
489	285
383	94
404	32
448	12
286	334
454	344
34	66
496	386
414	169
101	22
103	130
399	1
309	129
360	301
194	273
109	15
350	64
226	481
7	386
180	312
413	393
461	478
264	150
293	499
402	349
392	344
414	427
229	431
378	395
197	349
451	134
368	150
245	19
40	331
376	312
276	15
70	436
67	463
166	410
261	440
103	344
278	32
417	2
329	198
448	285
154	244
485	382
257	219
406	169
477	33
281	110
16	373
216	485
250	464
287	364
389	204
21	26
184	42
46	104
351	492
148	382
426	215
489	174
277	423
16	75
486	155
145	431
412	372
478	372
196	325
241	206
136	457
426	244
115	266
354	90
370	248
95	52
29	33
216	74
259	156
296	350
85	362
116	495
458	491
199	317
128	174
89	154
98	17
294	177
242	151
324	37
326	254
412	472
472	322
290	400
252	30
462	9
466	355
377	195
75	423
298	324
294	139
433	343
496	27
44	5
28	397
421	209
100	78
320	231
165	197
20	292
65	324
446	234
391	490
461	260
72	229
497	307
194	117
259	214
300	256
296	148
11	108
450	151
257	294
484	427
268	156
367	169
354	450
295	257
450	132
80	28
252	393
338	415
182	246
238	363
442	153
383	246
435	9
473	285
273	391
158	450
351	9
29	419
337	353
354	336
15	286
143	411
496	330
147	285
221	299
281	74
370	144
153	31
259	201
326	112
109	4
40	330
282	234
48	305
131	192
367	309
243	436
162	379
182	52
353	224
350	137
224	308
287	73
4	288
256	46
352	208
10	100
113	177
21	73
258	27
115	88
329	393
319	152
315	311
200	152
261	312
404	25
213	138
459	214
420	344
467	186
311	369
268	133
219	161
380	134
465	260
99	428
10	455
356	368
348	283
446	122
187	464
56	151
124	178
450	396
89	127
295	181
271	169
58	154
211	32
284	308
489	86
323	392
63	343
235	39
256	306
89	35
119	173
8	96
321	73
67	52
432	231
260	440
256	288
281	201
118	306
278	246
345	267
465	228
166	432
485	234
277	254
245	206
164	79
445	459
430	421
222	463
119	435
151	286
74	128
185	1
311	343
142	51
67	330
328	235
370	145
398	50
187	411
152	140
53	312
196	266
449	293
118	317
180	392
158	395
400	170
394	246
129	372
59	141
311	285
337	173
29	2
272	13
47	236
387	459
58	394
392	208
61	4
216	366
490	322
182	418
213	250
41	138
405	141
292	433
244	60
92	118
298	249
164	26
480	280
24	457
425	431
62	251
416	488
41	148
84	207
380	123
449	237
224	135
282	217
81	264
216	26
466	265
375	205
276	43
425	316
119	33
157	68
405	126
391	235
388	47
457	27
295	151
196	321
92	14
74	263
81	139
409	427
297	69
55	478
163	170
416	291
412	437
334	499
213	400
347	29
325	24
296	111
379	219
213	456
75	336
99	37
446	219
5	291
5	346
321	474
71	269
416	46
489	209
405	409
184	171
373	360
353	448
24	3
157	39
408	13
442	161
398	428
313	86
271	192
78	316
265	138
286	53
370	20
252	190
490	386
452	139
449	107
176	415
226	50
413	49
377	203
38	458
94	239
473	86
242	405
444	95
434	386
119	159
389	8
11	150
219	385
469	339
350	19
432	183
242	191
304	397
132	301
297	191
147	408
309	412
490	27
57	203
282	181
276	224
477	330
405	52
412	179
201	191
163	291
462	244
40	3
233	403
265	338
159	2
373	479
314	88
10	289
277	248
311	476
119	277
143	493
124	163
339	338
433	169
332	230
417	86
28	135
475	322
120	282
321	3
93	410
19	438
160	18
143	218
97	117
278	275
238	431
55	491
420	22
153	203
442	316
233	458
302	70
353	280
483	36
107	455
347	307
230	169
106	487
110	104
421	462
496	497
310	126
452	362
7	42
172	427
187	381
25	341
483	275
333	22
467	123
467	292
100	171
62	179
443	161
318	13
379	73
162	447
372	2
229	150
200	354
91	357
342	487
250	251
188	210
9	499
367	63
136	1
68	140
446	363
7	146
265	112
286	52
464	438
495	247
309	344
413	418
20	338
98	479
351	217
253	457
34	167
167	14
318	438
449	134
59	170
359	60
224	202
253	223
356	474
34	96
177	385
314	459
369	178
360	463
227	454
97	486
347	249
313	73
273	176
430	198
378	286
50	182
467	261
331	453
81	108
133	69
287	204
484	301
123	473
141	435
257	108
318	279
272	174
232	376
302	239
348	6
16	134
300	470
424	499
255	210
53	190
148	54
168	193
486	14
20	133
221	98
401	39
250	37
420	105
250	127
387	60
44	104
323	412
125	312
220	66
53	217
356	228
120	214
358	424
21	197
377	134
18	17
56	12
207	249
481	103
430	79
323	204
274	432
218	30
315	283
394	355
227	14
240	122
61	140
38	289
103	284
163	408
311	121
221	393
188	189
56	270
11	451
480	101
283	432
371	31
425	175
374	402
482	25
458	322
222	88
468	409
304	343
271	403
243	94
91	494
0	429
83	185
478	53
158	268
72	427
0	171
283	81
229	495
126	78
56	362
167	361
453	96
222	78
359	174
21	133
218	112
93	52
149	198
391	170
130	138
475	25
422	407
426	407
196	235
240	261
262	307
299	411
64	492
471	429
240	173
156	146
454	254
461	305
364	429
337	460
15	452
374	186
95	89
342	491
284	86
298	368
476	397
381	53
212	409
225	27
136	98
46	87
218	281
166	346
133	202
493	239
421	403
422	267
399	38
290	141
361	9
40	409
471	237
106	179
332	244
227	166
484	90
143	237
103	381
221	336
483	396
287	178
479	215
44	185
145	234
345	113
16	118
417	36
378	160
363	263
486	128
255	358
38	300
63	43
430	3
422	366
200	408
272	62
123	209
483	302
293	96
227	364
416	382
352	123
200	68
374	306
424	470
57	140
243	31
304	445
97	390
430	438
370	13
162	6
220	144
417	336
351	104
422	208
41	266
220	127
187	179
82	85
379	406
395	429
451	419
197	49
471	135
389	434
439	63
383	420
413	499
434	437
477	102
475	436
36	54
121	9
414	440
253	57
480	145
44	173
421	341
401	492
463	225
469	411
72	266
188	410
433	409
295	216
421	45
82	223
128	397
168	194
19	258
31	473
160	37
188	390
282	98
71	127
299	45
453	274
447	406
55	384
8	340
58	369
143	116
381	396
44	361
386	193
413	225
264	110
226	128
163	208
149	146
187	76
476	152
162	231
296	241
101	294
113	217
439	17
314	30
439	451
85	402
147	77
341	237
199	137
120	89
404	308
319	231
318	214
443	305
211	60
448	112
125	202
200	101
69	499
495	338
212	300
484	349
287	111
278	488
62	407
441	18
21	496
165	488
262	256
347	396
207	269
235	152
375	117
230	497
75	492
247	33
280	305
120	15
373	102
124	17
298	146
92	108
324	355
115	346
466	147
430	89
480	144
471	407
98	477
211	105
207	428
