id	status
238	2
41	2
417	2
378	2
131	2
326	1
375	1
149	2
296	2
119	2
196	2
352	2
227	2
10	2
160	2
226	2
313	2
425	2
221	2
389	2
315	1
328	1
200	1
323	2
115	2
100	2
240	1
484	2
72	1
481	2
298	1
92	2
287	2
255	2
162	2
16	2
347	1
212	1
325	2
168	2
348	2
441	2
180	2
211	1
370	2
447	2
367	1
143	2
34	2
213	2
109	2
80	2
71	2
83	2
333	2
106	2
148	2
271	2
383	2
23	2
250	2
356	2
114	2
44	2
371	2
380	2
40	2
199	1
469	2
158	2
220	2
337	1
188	2
304	2
353	2
21	2
103	2
398	2
283	2
116	2
331	2
136	1
120	2
81	2
222	2
266	2
187	2
446	2
358	2
422	2
262	2
175	2
345	2
439	1
311	1
467	1
466	2
493	1
379	2
6	2
99	2
59	2
173	2
483	2
290	2
350	2
84	1
309	2
284	2
142	2
56	2
449	2
124	2
245	2
58	1
233	2
229	1
163	2
456	2
194	2
50	2
36	1
314	2
123	1
51	2
265	2
0	2
207	1
332	1
8	2
61	1
321	2
121	2
113	2
273	2
277	2
5	2
412	2
97	1
465	2
276	2
293	2
442	2
82	2
369	1
359	2
354	2
391	2
107	2
268	2
434	2
329	1
118	2
482	2
122	1
64	2
242	2
445	2
420	2
342	2
204	2
480	2
364	2
182	1
192	2
392	2
295	2
373	2
282	2
248	2
310	1
430	2
421	2
400	2
98	2
218	2
448	2
7	2
230	1
264	1
395	2
460	1
399	2
167	2
381	2
153	2
317	2
472	2
404	1
253	1
454	2
390	1
117	1
444	2
360	2
280	2
63	1
489	1
259	2
147	2
73	2
318	2
453	2
95	2
75	2
19	2
65	2
223	1
89	2
20	2
184	2
224	2
302	2
490	2
486	2
319	2
185	2
455	2
495	2
232	2
450	2
270	2
496	2
272	2
336	2
210	2
257	2
281	2
368	1
254	2
24	2
339	2
4	1
457	1
165	2
91	2
172	1
437	2
90	2
243	2
408	2
67	2
476	1
292	1
475	2
11	1
494	2
303	2
216	2
464	2
463	2
74	2
48	2
405	2
101	2
376	2
132	2
247	2
3	2
297	2
474	2
13	2
128	2
241	1
130	2
324	2
274	2
327	2
157	2
261	1
164	2
423	2
477	2
110	2
438	2
338	2
258	2
428	1
170	2
209	1
18	2
416	2
206	2
94	2
37	2
386	2
111	2
278	1
363	2
31	2
235	2
473	1
156	2
38	2
320	2
301	2
15	2
137	1
127	2
468	1
387	1
1	1
340	1
285	1
176	2
344	2
485	2
458	2
29	1
28	2
382	2
461	2
394	1
133	2
166	2
433	1
126	2
146	2
78	2
397	2
201	2
205	1
70	2
413	2
299	2
374	2
443	2
159	2
451	1
252	2
62	2
150	1
86	2
138	2
125	2
396	2
357	2
426	2
487	2
25	1
316	2
219	2
459	2
161	2
77	2
393	2
197	2
174	2
346	2
403	2
129	2
279	2
263	2
225	2
69	2
260	1
351	2
415	2
341	2
432	2
26	2
183	2
54	2
409	1
406	2
93	2
202	2
152	1
154	1
251	2
330	2
497	1
55	2
193	2
471	2
79	2
305	2
57	1
414	1
436	2
145	2
85	2
96	2
402	2
49	2
45	2
234	2
151	2
478	2
431	2
33	2
300	2
429	2
144	2
169	1
68	1
198	2
291	2
286	2
289	2
335	1
407	2
53	2
479	2
388	2
452	2
372	2
267	2
312	2
424	2
191	2
178	2
141	2
365	2
27	2
411	2
362	2
418	1
355	2
377	1
470	2
171	2
275	2
108	2
410	2
17	2
294	2
2	2
256	2
435	2
401	2
179	2
322	2
42	2
488	2
343	1
231	2
112	2
366	2
228	2
361	2
306	2
237	2
135	2
307	1
462	2
244	1
39	2
214	2
47	2
12	2
66	2
440	1
239	2
246	1
46	2
155	2
134	1
190	2
208	2
492	2
35	2
14	2
288	1
105	1
491	2
334	2
60	1
384	2
102	2
349	1
76	2
177	2
32	1
52	2
385	2
498	2
195	1
189	2
186	1
9	2
419	1
308	2
215	2
87	1
499	2
43	1
22	2
88	2
104	2
427	1
249	1
269	2
181	2
217	2
236	2
139	2
30	2
140	1
203	2
